0.721720
0.512037
0.653865
0.424354
0.345260
0.473798
0.822891
0.477003
0.872622
0.811265
0.415008
0.350056
0.468037
0.424086
0.404784
0.398421
0.850990
0.569701
0.405088
0.545428
0.345804
0.405091
0.788948
0.377321
0.512608
0.524097
0.616710
0.696386
0.367352
0.763198
0.485955
0.578270
0.493490
0.798514
0.823648
0.513698
0.344908
0.497460
0.767164
0.397313
0.725638
0.413210
0.428705
0.401695
0.362920
0.577462
0.472446
0.368171
0.360334
0.506189
0.493101
0.654061
0.455851
0.843984
0.489868
0.374654
0.339305
0.355071
0.662144
0.733784
0.598545
0.509931
0.397546
0.607881
0.573377
0.423834
0.408553
0.543758
0.713385
0.373686
0.347573
0.679585
0.526320
0.457527
0.474163
0.338379
0.653668
0.429876
0.423384
0.378869
0.501370
0.648737
0.363984
0.701082
0.528066
0.362660
0.702581
0.549002
0.701898
0.491313
0.488712
0.336005
0.631954
0.349100
0.359712
0.472020
0.393654
0.499566
0.438540
0.394418

0.427149
0.355743
0.610574
0.490908
0.519176
0.366461
0.398681
0.406807
0.422889
0.876021
0.487018
0.778252
0.500522
0.407809
0.347878
0.361889
0.694288
0.353367
0.515853
0.495112
0.508286
0.393931
0.693499
0.720275
0.463370
0.888425
0.417028
0.525473
0.419118
0.376391
0.372793
0.756107
0.440489
0.654141
0.540494
0.337631
0.591398
0.590558
0.381427
0.583771
0.843934
0.336555
0.367345
0.535475
0.679572
0.720526
0.636563
0.764169
0.428468
0.371196
0.382205
0.424153
0.436838
0.592121
0.727861
0.451527
0.422982
0.398620
0.667846
0.362001
0.446973
0.577321
0.449981
0.442944
0.505713
0.546650
0.496812
0.553865
0.829495
0.632083
0.421672
0.404245
0.345089
0.342835
0.486271
0.409548
0.436641
0.703792
0.562879
0.479903
0.856521
0.436572
0.346628
0.337623
0.363239
0.494926
0.863254
0.409327
0.497490
0.389263
0.395575
0.389221
0.918522
0.749123
0.355106
0.405381
0.848880
0.493058
0.487101
0.648250

0.454490
0.419073
0.622627
0.574915
0.618671
0.734544
0.401945
0.809976
0.725615
0.617568
0.491462
0.498300
0.713447
0.374354
0.450525
0.555896
0.352355
0.836931
0.856520
0.511727
0.410862
0.474961
0.754853
0.703180
0.454458
0.750462
0.352946
0.382126
0.626497
0.509364
0.352006
0.389922
0.498424
0.424179
0.654729
0.458447
0.677149
0.516717
0.391492
0.360406
0.332925
0.731189
0.389416
0.614498
0.398055
0.403711
0.425633
0.855513
0.646348
0.422346
0.534748
0.636160
0.702888
0.699791
0.417172
0.326922
0.425025
0.839866
0.400913
0.768437
0.468876
0.773336
0.328402
0.542732
0.390647
0.671115
0.349538
0.621785
0.784077
0.734339
0.752147
0.556111
0.575722
0.442146
0.387043
0.391301
0.336972
0.535916
0.515058
0.625513
0.545431
0.613494
0.650379
0.463316
0.362941
0.404815
0.553565
0.485748
0.384449
0.824563
0.429391
0.682038
0.739898
0.353060
0.435924
0.572039
0.491764
0.385212
0.587894
0.464645

0.841529
0.417106
0.498574
0.668712
0.772091
0.429706
0.606344
0.577164
0.650700
0.508907
0.341399
0.853851
0.878739
0.450989
0.564129
0.476306
0.512393
0.350854
0.378507
0.697638
0.444873
0.357195
0.391471
0.455096
0.356351
0.719391
0.573617
0.795937
0.868337
0.373456
0.404011
0.412570
0.680688
0.568796
0.717112
0.649860
0.453946
0.819084
0.383662
0.737758
0.341307
0.513287
0.366092
0.448607
0.478682
0.697899
0.464087
0.477979
0.422177
0.458222
0.419027
0.456021
0.504339
0.489313
0.816475
0.459794
0.835515
0.783652
0.441029
0.422837
0.372291
0.479803
0.390136
0.468613
0.399033
0.612739
0.589303
0.487211
0.650374
0.460179
0.357301
0.383107
0.636446
0.360194
0.411367
0.338337
0.344639
0.342631
0.704340
0.413556
0.775057
0.775828
0.573487
0.407023
0.569728
0.463884
0.647986
0.341933
0.470564
0.387499
0.694295
0.742600
0.561791
0.518261
0.441585
0.778379
0.370424
0.368139
0.701385
0.893537

0.514548
0.627105
0.474308
0.390275
0.359826
0.447935
0.370226
0.676704
0.419323
0.768898
0.369743
0.761583
0.534134
0.420308
0.378717
0.388674
0.356983
0.485124
0.540389
0.435622
0.782117
0.516723
0.631887
0.351444
0.417831
0.550608
0.400878
0.785057
0.504149
0.474799
0.354157
0.703730
0.809026
0.530982
0.336580
0.660482
0.647099
0.452390
0.429401
0.534962
0.442357
0.693590
0.335654
0.519521
0.390955
0.565651
0.500228
0.428063
0.386948
0.550945
0.570552
0.715422
0.427027
0.576766
0.431493
0.339370
0.461520
0.602258
0.352797
0.413563
0.481826
0.696038
0.407540
0.367124
0.578076
0.579265
0.411950
0.628172
0.582120
0.805917
0.464730
0.528420
0.618840
0.546295
0.451381
0.478125
0.346074
0.751562
0.450487
0.362991
0.729693
0.379579
0.435995
0.862152
0.685342
0.483464
0.411731
0.371849
0.427983
0.433709
0.485429
0.596228
0.517710
0.623002
0.743019
0.386622
0.559073
0.482559
0.370207
0.665951

0.486271
0.670143
0.679987
0.393578
0.436429
0.431160
0.366700
0.732903
0.429184
0.519498
0.818704
0.373108
0.418141
0.796673
0.607515
0.669022
0.357937
0.443557
0.426958
0.466086
0.537202
0.692925
0.651230
0.632448
0.491427
0.353765
0.633317
0.389121
0.339012
0.451515
0.713074
0.491829
0.492840
0.734170
0.411142
0.521872
0.361758
0.713153
0.409166
0.361340
0.752434
0.570165
0.405540
0.464389
0.702117
0.707719
0.439033
0.370397
0.556478
0.419443
0.392924
0.617042
0.719282
0.783836
0.389022
0.640177
0.381885
0.498564
0.335688
0.586956
0.376496
0.643596
0.519377
0.339673
0.427767
0.555996
0.646488
0.390837
0.877396
0.767019
0.440557
0.551930
0.575087
0.360554
0.532264
0.380038
0.696156
0.353435
0.541125
0.450276
0.377586
0.379048
0.523814
0.577273
0.369295
0.412078
0.403724
0.450900
0.607236
0.771126
0.740138
0.731455
0.400573
0.501484
0.640367
0.409953
0.383095
0.727596
0.367482
0.824069

0.740986
0.684605
0.482091
0.803693
0.398611
0.796456
0.346408
0.433563
0.616817
0.466152
0.664047
0.494907
0.344501
0.471656
0.369688
0.440708
0.428755
0.432469
0.861702
0.690977
0.486404
0.764004
0.756766
0.486372
0.363921
0.545687
0.597267
0.347881
0.332661
0.376072
0.512696
0.414071
0.486445
0.538343
0.481578
0.463749
0.339036
0.692115
0.402621
0.522692
0.860454
0.702080
0.610521
0.533696
0.424379
0.457275
0.897447
0.582501
0.515356
0.583135
0.731825
0.569237
0.824774
0.392427
0.333329
0.331073
0.542602
0.669902
0.457574
0.675822
0.474528
0.426498
0.380184
0.691132
0.461616
0.451582
0.414659
0.368267
0.570546
0.406196
0.529849
0.466245
0.444264
0.439020
0.843540
0.572135
0.701080
0.513146
0.412016
0.550963
0.756341
0.544052
0.582188
0.477276
0.497931
0.811621
0.786793
0.498930
0.777153
0.822941
0.363746
0.366019
0.446795
0.361259
0.407429
0.340238
0.677828
0.625092
0.470876
0.852545

0.366140
0.622002
0.535986
0.686177
0.406851
0.434254
0.423141
0.674733
0.363218
0.851828
0.700423
0.419597
0.461261
0.504738
0.745226
0.509856
0.425533
0.365953
0.670322
0.891701
0.750455
0.484636
0.649802
0.831895
0.369262
0.473199
0.491973
0.347143
0.448564
0.393016
0.701186
0.537832
0.339992
0.572296
0.356833
0.586520
0.356415
0.391001
0.465725
0.754851
0.391218
0.586609
0.402534
0.435848
0.707805
0.524066
0.730616
0.569683
0.694663
0.359077
0.589964
0.579733
0.601382
0.440475
0.808939
0.789344
0.497863
0.623597
0.430700
0.911822
0.738934
0.343224
0.680153
0.732518
0.344724
0.644612
0.615178
0.633073
0.461873
0.370772
0.452047
0.361661
0.394608
0.337649
0.552845
0.405351
0.397120
0.431632
0.746924
0.375227
0.360655
0.583959
0.355539
0.387720
0.668573
0.429664
0.857838
0.589893
0.704688
0.473024
0.458579
0.386585
0.397996
0.346268
0.325811
0.460858
0.398896
0.423371
0.693665
0.633087

0.369633
0.544443
0.371415
0.482049
0.619005
0.651364
0.569874
0.522073
0.414303
0.380608
0.462651
0.385359
0.382705
0.524577
0.412918
0.420303
0.606786
0.576527
0.346897
0.359454
0.348903
0.514756
0.396239
0.453687
0.733551
0.791518
0.558981
0.526311
0.463159
0.409015
0.855095
0.541265
0.448656
0.621140
0.677577
0.378121
0.643358
0.415083
0.756374
0.552056
0.479025
0.662458
0.553206
0.363337
0.527355
0.357660
0.474311
0.740404
0.519919
0.796732
0.719970
0.584879
0.730800
0.625702
0.391595
0.622102
0.472141
0.478563
0.564195
0.535826
0.352863
0.442670
0.529504
0.382345
0.805839
0.747061
0.343704
0.647730
0.376274
0.563877
0.348426
0.578329
0.773229
0.428530
0.664947
0.719323
0.656480
0.369840
0.796883
0.636665
0.478100
0.382076
0.451507
0.349696
0.393952
0.440872
0.469634
0.567080
0.561211
0.510548
0.392889
0.575159
0.492233
0.498634
0.487582
0.416653
0.453687
0.421708
0.440809
0.619412

0.926674
0.835376
0.672653
0.616693
0.407411
0.500747
0.357789
0.609643
0.419958
0.494750
0.483421
0.360132
0.333948
0.694739
0.525524
0.388270
0.503604
0.433111
0.395568
0.611293
0.684574
0.397392
0.755206
0.378889
0.351707
0.353395
0.527095
0.377234
0.626612
0.358652
0.341023
0.359957
0.386190
0.524365
0.529052
0.546554
0.663840
0.354995
0.329144
0.497345
0.396286
0.517228
0.439822
0.342831
0.884916
0.746879
0.447734
0.650462
0.445615
0.743425
0.481917
0.808496
0.692290
0.406694
0.339979
0.398618
0.649555
0.383001
0.644178
0.628090
0.374129
0.438378
0.494222
0.394617
0.543092
0.766905
0.516014
0.638872
0.426570
0.471647
0.796428
0.858324
0.530808
0.555599
0.378385
0.596615
0.417905
0.363517
0.681582
0.493261
0.416111
0.646782
0.655191
0.394696
0.384613
0.839941
0.532463
0.599501
0.737149
0.621913
0.704417
0.356077
0.431517
0.363688
0.626997
0.446937
0.711193
0.598199
0.573190
0.878760

0.786553
0.396040
0.570049
0.344533
0.410028
0.686341
0.454580
0.422251
0.498028
0.724553
0.872867
0.377063
0.450034
0.455221
0.398732
0.473680
0.499136
0.450085
0.402610
0.569485
0.836647
0.405239
0.548828
0.724867
0.863105
0.679454
0.349466
0.371284
0.553369
0.369306
0.510109
0.797175
0.425355
0.646900
0.414949
0.539482
0.714569
0.362976
0.444166
0.392125
0.441174
0.399432
0.398814
0.412556
0.572405
0.715440
0.596921
0.441665
0.510020
0.716159
0.652997
0.503570
0.570208
0.429043
0.443383
0.377618
0.835270
0.726541
0.386671
0.877243
0.621145
0.751403
0.387584
0.375018
0.860455
0.445400
0.586914
0.565778
0.376825
0.398172
0.737495
0.618787
0.737430
0.371700
0.429423
0.371037
0.539484
0.384574
0.443891
0.796190
0.466357
0.592529
0.670174
0.718143
0.431566
0.844843
0.724445
0.665940
0.697748
0.599321
0.582415
0.335145
0.402263
0.334200
0.370044
0.416822
0.696746
0.639865
0.855361
0.517990

0.338193
0.346110
0.361381
0.639831
0.639453
0.381900
0.463967
0.666014
0.367597
0.617809
0.564217
0.413085
0.835177
0.645755
0.452963
0.570451
0.616784
0.585207
0.416024
0.351369
0.394385
0.581241
0.595680
0.869106
0.712346
0.499772
0.458459
0.438607
0.335534
0.419094
0.684468
0.708273
0.350926
0.521379
0.643351
0.366250
0.358973
0.438181
0.792280
0.741258
0.389213
0.407717
0.474097
0.677427
0.637156
0.519726
0.363641
0.684648
0.498669
0.469732
0.422312
0.560007
0.358464
0.767809
0.748512
0.385275
0.566466
0.745721
0.760703
0.762530
0.423640
0.458187
0.440221
0.335981
0.785376
0.558804
0.615458
0.339091
0.691852
0.430410
0.425635
0.554969
0.375169
0.655256
0.505045
0.764814
0.778964
0.739704
0.753203
0.537806
0.622637
0.477795
0.705650
0.718882
0.466365
0.789671
0.589755
0.369991
0.364094
0.636750
0.394775
0.433936
0.369153
0.450444
0.409336
0.536872
0.662994
0.451901
0.405144
0.580248

0.727812
0.832878
0.815653
0.384577
0.600789
0.637917
0.482046
0.601136
0.773961
0.738507
0.385091
0.406565
0.657385
0.711977
0.413367
0.801258
0.772844
0.652756
0.369971
0.543188
0.661286
0.427951
0.400696
0.897466
0.688492
0.690663
0.379211
0.768189
0.345996
0.360277
0.572847
0.722564
0.685485
0.336707
0.410474
0.331337
0.368422
0.502628
0.736074
0.562649
0.521991
0.385235
0.373026
0.361496
0.516426
0.438931
0.450892
0.517179
0.409617
0.622860
0.764402
0.473872
0.585343
0.746246
0.416719
0.393604
0.769846
0.417460
0.338215
0.462547
0.835107
0.515150
0.529434
0.640030
0.375620
0.654109
0.381426
0.478005
0.543258
0.556966
0.357129
0.476458
0.674117
0.354010
0.481106
0.493794
0.616437
0.366062
0.810032
0.361561
0.477227
0.579215
0.556191
0.352620
0.428162
0.466125
0.493037
0.542000
0.481744
0.865846
0.776566
0.448150
0.410644
0.362560
0.426706
0.684279
0.392649
0.399958
0.381348
0.342437

0.831008
0.569743
0.693923
0.603461
0.454406
0.482246
0.408124
0.387013
0.882020
0.871878
0.883630
0.340198
0.445043
0.590693
0.384530
0.661237
0.651000
0.674680
0.426904
0.459926
0.526235
0.652604
0.356449
0.584431
0.752368
0.697757
0.733693
0.438181
0.402751
0.591427
0.343902
0.658858
0.746183
0.799372
0.429067
0.536703
0.539844
0.722743
0.459424
0.345802
0.322328
0.347669
0.334459
0.332433
0.356867
0.568461
0.889854
0.597502
0.452812
0.358411
0.367680
0.354916
0.373893
0.745412
0.717087
0.434933
0.364890
0.432434
0.463915
0.543633
0.479146
0.591550
0.462403
0.667982
0.384617
0.470443
0.812214
0.386492
0.481253
0.388341
0.806559
0.365281
0.405961
0.568638
0.621141
0.381723
0.750967
0.687062
0.659265
0.676490
0.771048
0.339047
0.472895
0.544974
0.601475
0.511458
0.489648
0.354409
0.506095
0.638682
0.703368
0.362998
0.331867
0.342126
0.819186
0.712270
0.588065
0.464668
0.869582
0.858968

0.437411
0.702330
0.426090
0.534943
0.493354
0.395267
0.718353
0.741724
0.353946
0.747038
0.764453
0.364464
0.443214
0.842827
0.654851
0.720347
0.809876
0.505943
0.416871
0.692351
0.364218
0.656289
0.626923
0.664401
0.457130
0.669915
0.831415
0.868918
0.376036
0.426556
0.589236
0.352407
0.618942
0.669242
0.348580
0.419955
0.366282
0.833457
0.347002
0.402715
0.344946
0.718725
0.352995
0.466142
0.501869
0.882356
0.746990
0.468885
0.344921
0.407207
0.411803
0.606113
0.531667
0.650156
0.546965
0.765237
0.506283
0.495407
0.428585
0.389434
0.510003
0.462186
0.508721
0.442517
0.485802
0.625267
0.470853
0.329787
0.505462
0.419565
0.666481
0.393354
0.664948
0.703643
0.400992
0.471526
0.397938
0.811363
0.425709
0.733275
0.390429
0.495462
0.699303
0.446937
0.371701
0.434542
0.663219
0.480840
0.413695
0.519342
0.360455
0.638042
0.347042
0.439510
0.494170
0.470164
0.437594
0.683746
0.397013
0.516258

0.890263
0.829867
0.322870
0.607978
0.532376
0.372127
0.577674
0.572860
0.428446
0.562262
0.763872
0.823550
0.449218
0.462930
0.531638
0.436406
0.422994
0.616547
0.375956
0.423498
0.401897
0.563590
0.350767
0.460294
0.842013
0.485661
0.618650
0.511011
0.596718
0.873323
0.403895
0.515936
0.872046
0.523203
0.492194
0.410583
0.449227
0.521443
0.479209
0.569172
0.355204
0.552892
0.357589
0.753918
0.886222
0.381400
0.749340
0.363161
0.389089
0.369572
0.335768
0.562901
0.656223
0.477124
0.773828
0.681405
0.350134
0.475245
0.532119
0.382800
0.408077
0.508653
0.461861
0.397960
0.398755
0.372381
0.352234
0.369740
0.500983
0.481191
0.499141
0.849761
0.515606
0.343664
0.380158
0.477193
0.741814
0.343788
0.390253
0.473862
0.757774
0.539983
0.545941
0.690155
0.719087
0.335482
0.515635
0.437006
0.639476
0.508807
0.531916
0.391724
0.711991
0.412739
0.644416
0.668317
0.369399
0.610466
0.437721
0.617425

0.503905
0.812133
0.336648
0.412003
0.334220
0.524820
0.370384
0.339562
0.362823
0.378805
0.880010
0.576849
0.433672
0.399181
0.610662
0.493870
0.705246
0.497333
0.576160
0.340963
0.447193
0.408048
0.391961
0.409266
0.534666
0.390966
0.483026
0.454426
0.406183
0.617996
0.405870
0.505932
0.379017
0.711316
0.416492
0.595532
0.618449
0.419179
0.859534
0.490234
0.717627
0.533994
0.487920
0.578664
0.852997
0.539364
0.456132
0.516177
0.531532
0.739349
0.493678
0.465735
0.807387
0.551016
0.439169
0.680042
0.771969
0.435138
0.352396
0.359118
0.372434
0.714620
0.655094
0.585367
0.428742
0.326393
0.344311
0.386109
0.652086
0.536335
0.762386
0.525177
0.385121
0.384647
0.760852
0.377156
0.461422
0.745230
0.604334
0.430425
0.408837
0.333474
0.369109
0.463228
0.327345
0.362008
0.325435
0.433798
0.346100
0.503033
0.497748
0.388717
0.372205
0.429245
0.456112
0.406481
0.379041
0.426008
0.356695
0.639515

0.340533
0.580399
0.565071
0.494818
0.674249
0.380663
0.590151
0.361400
0.386225
0.626922
0.467809
0.357797
0.341079
0.370331
0.366956
0.352880
0.427929
0.367950
0.452201
0.387625
0.472504
0.445980
0.771153
0.542861
0.430333
0.547678
0.482596
0.437193
0.350872
0.529590
0.820876
0.412227
0.683932
0.381977
0.500115
0.647197
0.508973
0.375578
0.663288
0.330831
0.527115
0.570803
0.635361
0.384153
0.527158
0.604753
0.557644
0.493498
0.573811
0.378022
0.473001
0.545224
0.826797
0.767345
0.609940
0.451835
0.347486
0.344102
0.587801
0.363563
0.363297
0.499866
0.400050
0.627439
0.438273
0.355044
0.401141
0.510369
0.676186
0.458030
0.528162
0.503057
0.519145
0.549405
0.358745
0.704427
0.686358
0.334762
0.510878
0.332060
0.381182
0.427284
0.345085
0.621880
0.346726
0.604413
0.334681
0.450652
0.569701
0.374436
0.587033
0.622769
0.341020
0.806661
0.471891
0.432524
0.491385
0.442514
0.366133
0.486243

0.440408
0.591426
0.794336
0.469221
0.372532
0.452678
0.619931
0.362704
0.380687
0.456454
0.366393
0.480411
0.606091
0.395295
0.659938
0.558366
0.408457
0.332078
0.449501
0.718051
0.564505
0.633769
0.346872
0.697327
0.378240
0.363904
0.359971
0.574018
0.855729
0.705656
0.859385
0.413645
0.407986
0.331538
0.572067
0.373601
0.778477
0.494722
0.338166
0.464955
0.420002
0.508889
0.349059
0.779737
0.717761
0.391285
0.470213
0.646881
0.819625
0.485144
0.832886
0.518700
0.697047
0.439499
0.465769
0.414722
0.444297
0.389324
0.349214
0.347027
0.536659
0.345388
0.447310
0.332546
0.380269
0.564344
0.366232
0.628662
0.346866
0.347022
0.673885
0.438786
0.502702
0.401550
0.591458
0.502440
0.359673
0.324112
0.428888
0.432873
0.726999
0.395718
0.373066
0.345567
0.370720
0.588129
0.536077
0.857761
0.489557
0.544852
0.548598
0.443910
0.359879
0.521929
0.599306
0.420126
0.776114
0.475741
0.355256
0.539355

0.515266
0.433382
0.362271
0.796935
0.716768
0.389957
0.688762
0.460107
0.768057
0.828274
0.369722
0.422182
0.761664
0.398912
0.347378
0.537434
0.528039
0.523935
0.839861
0.539919
0.749275
0.399670
0.382070
0.480477
0.425285
0.459823
0.842995
0.433627
0.345360
0.355707
0.490379
0.395355
0.851826
0.769473
0.676528
0.776897
0.850851
0.689584
0.566099
0.583876
0.660247
0.337968
0.493280
0.663554
0.586593
0.384587
0.386033
0.477266
0.540130
0.334189
0.615999
0.460840
0.617371
0.430365
0.483769
0.669191
0.372201
0.393809
0.445671
0.681549
0.521502
0.339586
0.573021
0.535669
0.332790
0.440120
0.379317
0.415166
0.391440
0.605002
0.353816
0.703710
0.480032
0.339832
0.436230
0.795491
0.368157
0.388027
0.468177
0.540541
0.596541
0.359674
0.656376
0.380256
0.311404
0.380238
0.316560
0.595765
0.598982
0.342886
0.739568
0.541099
0.351629
0.378526
0.332285
0.390101
0.427342
0.339951
0.575959
0.741035

0.436186
0.576940
0.734074
0.548280
0.728703
0.527654
0.610916
0.686174
0.497590
0.811847
0.683147
0.820692
0.433220
0.653479
0.383144
0.391895
0.550464
0.561832
0.776137
0.768798
0.574028
0.660953
0.592583
0.648535
0.488520
0.765770
0.459367
0.336850
0.334364
0.346727
0.568705
0.367427
0.442433
0.558234
0.649745
0.406050
0.373639
0.411564
0.896212
0.790239
0.365239
0.431464
0.846940
0.507790
0.488938
0.341712
0.381063
0.802992
0.598174
0.352996
0.417741
0.555674
0.461767
0.665720
0.382147
0.566247
0.696970
0.436119
0.584167
0.331534
0.337939
0.452918
0.371740
0.362928
0.551972
0.794535
0.519059
0.469038
0.447854
0.586594
0.531517
0.603972
0.524409
0.400303
0.365257
0.438260
0.441743
0.505394
0.338798
0.499132
0.381254
0.650334
0.634530
0.466354
0.319149
0.442281
0.367128
0.468064
0.612030
0.361770
0.520677
0.636946
0.329704
0.324690
0.467797
0.447479
0.416589
0.670025
0.349569
0.323671

0.454630
0.383508
0.758488
0.674877
0.641894
0.710046
0.345021
0.349335
0.414878
0.834863
0.415354
0.524772
0.746847
0.347186
0.370551
0.331922
0.533929
0.351493
0.333738
0.463895
0.664845
0.519570
0.337072
0.830543
0.625777
0.358997
0.368202
0.673304
0.469716
0.330757
0.510969
0.534365
0.535229
0.492770
0.464931
0.672090
0.381014
0.394137
0.559904
0.584374
0.698283
0.345986
0.431359
0.353558
0.752757
0.392914
0.432325
0.760038
0.475730
0.569071
0.637664
0.644560
0.372554
0.404826
0.378197
0.658328
0.837619
0.627087
0.482095
0.385508
0.497575
0.356311
0.343784
0.334539
0.485803
0.390323
0.816399
0.611506
0.392000
0.390310
0.407650
0.495229
0.481137
0.518283
0.579009
0.782405
0.429281
0.369336
0.619071
0.424744
0.541004
0.788106
0.796651
0.404818
0.540542
0.743092
0.338713
0.765254
0.590664
0.738576
0.323998
0.390224
0.392317
0.622764
0.505921
0.444274
0.432979
0.555811
0.528709
0.622096

0.388043
0.721307
0.397046
0.500221
0.365627
0.808991
0.349166
0.522599
0.474287
0.469779
0.461024
0.399211
0.467376
0.497132
0.602002
0.399277
0.630371
0.398218
0.376580
0.421014
0.761543
0.337060
0.413000
0.805395
0.337967
0.693602
0.496807
0.492719
0.561752
0.505631
0.353521
0.446853
0.531859
0.480893
0.834606
0.567490
0.369672
0.590559
0.868024
0.825279
0.556836
0.385854
0.504258
0.529855
0.596360
0.600061
0.376103
0.847049
0.784569
0.588653
0.337915
0.733399
0.430339
0.367654
0.350863
0.448327
0.410539
0.346925
0.374663
0.733979
0.504715
0.652938
0.370977
0.726567
0.374443
0.389250
0.374434
0.811125
0.401161
0.375677
0.459317
0.727564
0.458476
0.607775
0.400172
0.708981
0.336045
0.384014
0.390134
0.779798
0.422262
0.633640
0.513679
0.386709
0.634325
0.405188
0.548110
0.845242
0.365699
0.378518
0.615655
0.455350
0.441367
0.730562
0.357308
0.564416
0.645929
0.427508
0.582003
0.363903

0.377419
0.519239
0.417095
0.747426
0.485761
0.370653
0.336056
0.496340
0.817684
0.874412
0.449146
0.401937
0.747781
0.529130
0.549506
0.344052
0.839608
0.381434
0.864454
0.707999
0.728456
0.411228
0.401237
0.562477
0.327839
0.794310
0.409913
0.436740
0.619643
0.323108
0.344063
0.476190
0.367120
0.536504
0.857197
0.489334
0.395420
0.644436
0.699613
0.355226
0.653040
0.577723
0.486402
0.472505
0.401570
0.690707
0.434743
0.381561
0.362472
0.401783
0.390413
0.460284
0.335249
0.741466
0.475608
0.352652
0.395291
0.473080
0.528341
0.351264
0.376318
0.371800
0.448600
0.428973
0.452904
0.409233
0.500236
0.893784
0.693169
0.703860
0.540540
0.622259
0.476292
0.346460
0.441494
0.375930
0.456710
0.740237
0.633184
0.817712
0.379950
0.347014
0.482837
0.396546
0.449794
0.430199
0.642774
0.535459
0.337104
0.359947
0.401750
0.447038
0.377218
0.531033
0.446088
0.352797
0.447663
0.677349
0.431934
0.383583

0.629685
0.399992
0.378211
0.623789
0.587408
0.436718
0.734508
0.416152
0.406494
0.349760
0.327478
0.336672
0.778965
0.825448
0.501288
0.339305
0.614278
0.661261
0.658471
0.358581
0.437831
0.537774
0.778243
0.391502
0.432089
0.827236
0.559830
0.448110
0.331604
0.328342
0.334932
0.399623
0.820203
0.873983
0.565852
0.354779
0.435459
0.435248
0.350982
0.637574
0.715182
0.668914
0.714842
0.396732
0.627279
0.644009
0.442678
0.644440
0.522823
0.470425
0.417722
0.378339
0.354771
0.450818
0.534250
0.569395
0.482027
0.679308
0.348111
0.488813
0.703146
0.422589
0.595121
0.783252
0.468595
0.357307
0.582539
0.442529
0.428713
0.516875
0.650488
0.359686
0.386109
0.535835
0.636381
0.413494
0.401939
0.400863
0.434309
0.442708
0.568173
0.520115
0.559472
0.530310
0.356126
0.323191
0.359321
0.831780
0.379891
0.524711
0.329116
0.473049
0.328271
0.545181
0.557463
0.363918
0.510942
0.542211
0.492808
0.471029

0.358625
0.618913
0.548672
0.677775
0.628701
0.406078
0.376622
0.469628
0.572858
0.328467
0.646923
0.387026
0.415543
0.364529
0.396371
0.649882
0.640224
0.497255
0.457409
0.338347
0.469756
0.814020
0.669907
0.351487
0.351668
0.381303
0.765181
0.791023
0.576776
0.681808
0.621010
0.377797
0.891833
0.590536
0.388887
0.640572
0.397405
0.382802
0.435206
0.606073
0.760524
0.392804
0.453316
0.487388
0.396359
0.433464
0.443731
0.822579
0.454713
0.402874
0.630260
0.750613
0.616629
0.854648
0.525660
0.490659
0.361103
0.449909
0.595001
0.656668
0.358304
0.774844
0.393316
0.450542
0.377355
0.473381
0.358356
0.545263
0.440918
0.344834
0.787684
0.603768
0.651923
0.623337
0.362664
0.670425
0.538002
0.399047
0.603637
0.436089
0.532759
0.778426
0.906275
0.688616
0.339827
0.387070
0.752717
0.867454
0.848758
0.333316
0.386790
0.740022
0.497684
0.342167
0.336892
0.511631
0.884021
0.714724
0.512720
0.341487

0.736223
0.537578
0.668795
0.382960
0.337882
0.632479
0.427397
0.755549
0.362140
0.368466
0.417070
0.384892
0.326329
0.395413
0.745582
0.406853
0.332547
0.667552
0.370898
0.518230
0.363667
0.751781
0.429127
0.698473
0.743234
0.411771
0.393445
0.384912
0.507583
0.339986
0.344485
0.425207
0.509155
0.361567
0.500764
0.737203
0.371735
0.763217
0.425191
0.354924
0.378966
0.415161
0.714701
0.420430
0.754131
0.359490
0.380316
0.418286
0.487060
0.790952
0.542996
0.489105
0.754388
0.856929
0.366425
0.776014
0.367525
0.570125
0.377135
0.733483
0.631607
0.411828
0.556485
0.459998
0.701136
0.432622
0.512198
0.529369
0.399502
0.764492
0.468897
0.773288
0.496894
0.345617
0.716712
0.368788
0.536358
0.432327
0.576147
0.480848
0.427344
0.548615
0.391015
0.365198
0.551317
0.454710
0.601330
0.693534
0.642292
0.415751
0.598310
0.772302
0.428751
0.331917
0.480965
0.469824
0.793160
0.835551
0.398487
0.601506

0.387636
0.464766
0.473071
0.424273
0.391242
0.799438
0.649771
0.336467
0.594655
0.463492
0.831409
0.334193
0.332410
0.321060
0.422636
0.779517
0.626373
0.697098
0.858796
0.554050
0.475234
0.356205
0.394071
0.358884
0.476856
0.473626
0.368490
0.599219
0.587958
0.340214
0.339621
0.375539
0.343915
0.621759
0.364947
0.718454
0.870006
0.651991
0.554454
0.584266
0.677938
0.777580
0.723750
0.335780
0.347852
0.422220
0.697473
0.698364
0.806596
0.721791
0.514308
0.448816
0.454635
0.574277
0.425972
0.824525
0.358813
0.501984
0.366746
0.390598
0.363223
0.642851
0.467389
0.456725
0.353239
0.400169
0.407873
0.655810
0.823828
0.423617
0.357273
0.473238
0.402202
0.745526
0.391471
0.391956
0.401478
0.586924
0.345431
0.361487
0.341025
0.593559
0.504949
0.516826
0.411146
0.812467
0.812120
0.416858
0.512332
0.331540
0.451639
0.399487
0.419607
0.692242
0.424323
0.846776
0.445754
0.585619
0.452074
0.458245

0.500677
0.555100
0.358811
0.347878
0.400170
0.493608
0.719299
0.729747
0.415629
0.402283
0.612552
0.662997
0.484450
0.776476
0.725172
0.407585
0.407000
0.585490
0.524118
0.332177
0.412593
0.454866
0.783649
0.586847
0.416271
0.397653
0.350784
0.345490
0.673676
0.504942
0.406121
0.577683
0.574244
0.882912
0.371929
0.423494
0.346331
0.354873
0.582638
0.604795
0.405702
0.436424
0.399278
0.347892
0.573942
0.378026
0.384876
0.458888
0.520623
0.466633
0.744040
0.419926
0.327966
0.331667
0.686289
0.897189
0.343198
0.362837
0.357889
0.413236
0.331703
0.360116
0.439680
0.630216
0.563836
0.696654
0.553506
0.465527
0.673913
0.621024
0.344226
0.452760
0.699998
0.490487
0.363406
0.404121
0.394381
0.825450
0.489099
0.532646
0.422882
0.397520
0.545170
0.836401
0.509958
0.652304
0.459532
0.571024
0.619342
0.480749
0.512877
0.493909
0.373645
0.389514
0.536047
0.520589
0.354281
0.537003
0.466196
0.474006

0.496885
0.869104
0.367444
0.416002
0.329674
0.844052
0.697848
0.490165
0.668006
0.404852
0.543066
0.383789
0.775483
0.477839
0.435130
0.653029
0.746416
0.677162
0.378091
0.319847
0.329050
0.326795
0.402235
0.844605
0.620188
0.540021
0.341077
0.337519
0.798908
0.451930
0.538492
0.615814
0.521151
0.571683
0.693967
0.725804
0.477053
0.671378
0.839176
0.513153
0.540702
0.499838
0.474816
0.828907
0.428366
0.504650
0.364036
0.404720
0.532950
0.364832
0.495262
0.467435
0.339087
0.356290
0.472843
0.750321
0.632815
0.327574
0.385495
0.486557
0.426008
0.572589
0.564722
0.497846
0.570395
0.580026
0.699311
0.414701
0.631989
0.379879
0.713168
0.476366
0.526807
0.403598
0.366685
0.571075
0.555827
0.435848
0.528974
0.505245
0.361336
0.770252
0.428841
0.886967
0.501550
0.623999
0.447733
0.558038
0.447055
0.746589
0.378830
0.347117
0.616562
0.384031
0.645649
0.819677
0.584745
0.635967
0.392500
0.358179

0.342112
0.754086
0.334051
0.329432
0.448048
0.398324
0.342904
0.827921
0.472584
0.335383
0.720372
0.344974
0.333197
0.826653
0.334192
0.497951
0.421126
0.463452
0.636295
0.359217
0.344776
0.516242
0.328110
0.733465
0.428725
0.571055
0.564931
0.372911
0.350767
0.468632
0.342785
0.348068
0.439895
0.413473
0.477663
0.403142
0.482461
0.342819
0.596729
0.372165
0.710117
0.454850
0.815803
0.461838
0.426988
0.507845
0.371028
0.545446
0.763306
0.345267
0.331353
0.339794
0.457137
0.357832
0.658729
0.395859
0.392070
0.367483
0.475741
0.565861
0.343513
0.699186
0.341730
0.653929
0.509990
0.755041
0.450999
0.391039
0.778745
0.610434
0.610223
0.723344
0.511929
0.474565
0.683783
0.448335
0.339434
0.458066
0.517403
0.657560
0.478158
0.678127
0.398015
0.817208
0.531518
0.383249
0.618011
0.344115
0.457088
0.601791
0.474248
0.351142
0.720611
0.550765
0.407923
0.365877
0.682537
0.456751
0.491712
0.419459

0.351769
0.359963
0.437893
0.685186
0.339192
0.615767
0.322001
0.323824
0.433004
0.335750
0.524677
0.342192
0.477677
0.827408
0.588793
0.693701
0.366494
0.393612
0.826741
0.539584
0.514262
0.342206
0.351126
0.468098
0.497481
0.658990
0.482271
0.463416
0.363507
0.741202
0.651611
0.561596
0.729217
0.810068
0.530078
0.457996
0.566455
0.353479
0.338156
0.664323
0.343002
0.484775
0.479208
0.603366
0.620794
0.439489
0.444427
0.678382
0.511908
0.427367
0.427785
0.519940
0.349179
0.549220
0.399469
0.630621
0.365514
0.557571
0.349896
0.540630
0.361588
0.502212
0.513397
0.590449
0.811526
0.400443
0.426114
0.633885
0.718843
0.591025
0.375666
0.491720
0.335492
0.338828
0.352062
0.350590
0.383824
0.504270
0.384282
0.529094
0.642532
0.353570
0.345396
0.468109
0.358900
0.531295
0.376535
0.484519
0.380200
0.486536
0.430844
0.375643
0.566373
0.575166
0.460304
0.366476
0.684790
0.488345
0.716718
0.389339

0.820639
0.563071
0.635979
0.339257
0.412285
0.840954
0.407910
0.502311
0.652575
0.597943
0.592807
0.826601
0.582980
0.379296
0.654470
0.664894
0.440326
0.442201
0.372765
0.747485
0.366238
0.392651
0.314192
0.676974
0.361916
0.599572
0.405179
0.407799
0.608844
0.402216
0.369076
0.445668
0.348229
0.834322
0.444323
0.618677
0.371882
0.416160
0.641650
0.377287
0.415783
0.640411
0.526708
0.413246
0.492558
0.372746
0.796086
0.498449
0.743054
0.544809
0.552647
0.435732
0.362646
0.383226
0.339221
0.637059
0.380123
0.482292
0.490086
0.572956
0.647288
0.889788
0.416001
0.358839
0.464564
0.345025
0.458283
0.612522
0.376317
0.488670
0.453578
0.575616
0.614826
0.366132
0.595815
0.386447
0.774808
0.502402
0.363053
0.449070
0.355096
0.435082
0.417472
0.561573
0.586870
0.496706
0.501677
0.379640
0.458259
0.377599
0.800008
0.414777
0.543392
0.537773
0.861460
0.464018
0.659550
0.639315
0.487192
0.525946

0.383347
0.432351
0.347125
0.558038
0.501097
0.723832
0.346795
0.347690
0.372757
0.360876
0.525015
0.623776
0.443183
0.340228
0.661984
0.778844
0.375202
0.332518
0.771025
0.371756
0.461045
0.522078
0.340140
0.866927
0.504189
0.674294
0.329867
0.612738
0.399321
0.567054
0.382313
0.490775
0.628389
0.340657
0.398922
0.469454
0.617573
0.364853
0.462135
0.670343
0.509558
0.681999
0.347394
0.362223
0.398622
0.452465
0.438184
0.528851
0.413605
0.425886
0.428160
0.359654
0.416892
0.626503
0.510957
0.486598
0.451405
0.521253
0.442508
0.341092
0.624210
0.531452
0.432565
0.363843
0.552732
0.465441
0.380619
0.626059
0.493380
0.622240
0.352305
0.757318
0.339147
0.461910
0.385053
0.437288
0.751253
0.863324
0.379848
0.387546
0.856338
0.563317
0.665504
0.747984
0.702197
0.431834
0.372603
0.540653
0.620741
0.390476
0.716718
0.426842
0.831380
0.687109
0.433608
0.686096
0.506253
0.626989
0.394168
0.768986

0.706642
0.576389
0.366189
0.494486
0.396553
0.435848
0.381530
0.579306
0.370206
0.777943
0.370987
0.437920
0.343361
0.783884
0.359880
0.576109
0.481586
0.469909
0.779414
0.693824
0.514120
0.596069
0.329497
0.725862
0.360049
0.633182
0.355456
0.425780
0.761377
0.702507
0.780089
0.421016
0.348039
0.336052
0.361426
0.530723
0.381660
0.706714
0.795187
0.399372
0.615628
0.409806
0.567902
0.777348
0.573961
0.646290
0.800634
0.471904
0.729380
0.559512
0.555711
0.437908
0.353933
0.429328
0.414417
0.347099
0.552859
0.556063
0.708522
0.540491
0.481301
0.617495
0.346750
0.621139
0.426026
0.401369
0.716403
0.758809
0.662617
0.517675
0.421026
0.335778
0.503326
0.838461
0.808176
0.405352
0.497621
0.667061
0.827633
0.379463
0.784451
0.412512
0.435175
0.488762
0.353424
0.574181
0.660651
0.415292
0.436587
0.383444
0.587495
0.682999
0.690224
0.648087
0.373694
0.362790
0.402038
0.625411
0.669619
0.433347

0.447334
0.362364
0.455888
0.458266
0.682364
0.824541
0.491016
0.346597
0.502172
0.363840
0.591381
0.343611
0.323173
0.800190
0.333751
0.608477
0.481138
0.380684
0.629555
0.520545
0.496164
0.728681
0.590227
0.341976
0.376099
0.471422
0.338742
0.397222
0.400042
0.593897
0.645317
0.332190
0.378516
0.414637
0.709973
0.760381
0.546106
0.565296
0.766406
0.552290
0.352106
0.420542
0.787503
0.762611
0.334749
0.460281
0.346798
0.784027
0.698628
0.660185
0.521758
0.799815
0.771426
0.717699
0.424925
0.415860
0.760155
0.898185
0.542261
0.621851
0.444688
0.821609
0.647393
0.603020
0.575353
0.459676
0.845387
0.612499
0.473626
0.344384
0.320188
0.356036
0.681787
0.860783
0.690978
0.589296
0.373479
0.421647
0.666948
0.469194
0.566523
0.359355
0.717443
0.666718
0.468623
0.382404
0.822695
0.383304
0.480788
0.599252
0.390378
0.672120
0.499241
0.687762
0.547531
0.511561
0.471783
0.722723
0.469182
0.381453

0.407353
0.645462
0.499521
0.535716
0.544891
0.497888
0.465843
0.665852
0.364581
0.335498
0.365420
0.775072
0.455810
0.450654
0.461240
0.461622
0.537310
0.493359
0.357767
0.473109
0.326724
0.335784
0.328074
0.338483
0.327627
0.583349
0.389604
0.705634
0.752704
0.766774
0.541483
0.428568
0.485953
0.353547
0.555551
0.426153
0.426089
0.341671
0.846838
0.652454
0.393349
0.362800
0.678958
0.704266
0.430840
0.691103
0.369491
0.318970
0.507899
0.334576
0.712114
0.444649
0.385371
0.685749
0.434599
0.480109
0.396878
0.725511
0.797254
0.370542
0.400999
0.619861
0.419018
0.401786
0.429008
0.724395
0.341535
0.323017
0.404653
0.316950
0.377693
0.349525
0.697726
0.677656
0.869057
0.351745
0.384925
0.465568
0.485334
0.771789
0.535617
0.349831
0.354256
0.825324
0.586022
0.381386
0.510061
0.859204
0.533424
0.649223
0.597258
0.450819
0.826883
0.491295
0.562899
0.409499
0.688042
0.496664
0.436960
0.352242

0.408006
0.437924
0.365322
0.600406
0.548595
0.727965
0.791410
0.585457
0.340176
0.450836
0.578463
0.578633
0.491387
0.415190
0.616603
0.736037
0.430410
0.581745
0.767915
0.648281
0.497712
0.832899
0.365242
0.391697
0.342044
0.459466
0.361401
0.403393
0.409299
0.333949
0.356609
0.775596
0.599643
0.610974
0.471765
0.740416
0.760999
0.370099
0.567825
0.676946
0.414393
0.535616
0.399635
0.629637
0.318264
0.420953
0.309065
0.327105
0.802479
0.582479
0.360459
0.456732
0.352663
0.583628
0.540808
0.601669
0.396520
0.578347
0.372060
0.366018
0.611048
0.361429
0.574407
0.561189
0.477859
0.706578
0.423380
0.481601
0.324461
0.675056
0.482896
0.478339
0.483100
0.715428
0.410763
0.417128
0.338221
0.358180
0.455010
0.392494
0.755341
0.406221
0.531417
0.789264
0.371938
0.344057
0.594154
0.415674
0.470564
0.502506
0.735674
0.382773
0.402658
0.813463
0.361113
0.476318
0.525059
0.408265
0.750772
0.380945

0.392605
0.438578
0.361913
0.352643
0.787216
0.655206
0.539799
0.437416
0.355187
0.445789
0.426159
0.804840
0.669131
0.370228
0.385947
0.486301
0.409488
0.372914
0.399390
0.443006
0.485415
0.610279
0.351677
0.598887
0.362245
0.348286
0.402890
0.687713
0.900709
0.701491
0.334295
0.745094
0.404041
0.402717
0.662265
0.743652
0.604203
0.356034
0.466377
0.557790
0.564119
0.686151
0.334287
0.433119
0.364752
0.311872
0.312561
0.353485
0.388632
0.342747
0.518553
0.428679
0.513123
0.466369
0.430184
0.792581
0.623026
0.512339
0.784216
0.547069
0.725397
0.704043
0.510259
0.845739
0.846482
0.564020
0.455947
0.343863
0.322447
0.403676
0.327391
0.466452
0.574480
0.896531
0.551288
0.427284
0.617371
0.707630
0.851327
0.362395
0.359531
0.468249
0.673477
0.413773
0.491341
0.439593
0.562993
0.440691
0.585819
0.423131
0.868060
0.468525
0.439059
0.690932
0.338673
0.624499
0.454897
0.847312
0.491943
0.526043

0.827786
0.362545
0.810549
0.363324
0.656643
0.494910
0.351206
0.361529
0.589644
0.763577
0.710960
0.545349
0.376860
0.485081
0.453456
0.502013
0.387026
0.534151
0.663516
0.655053
0.503175
0.683090
0.367394
0.854501
0.514601
0.445569
0.338236
0.331850
0.434230
0.436772
0.387791
0.461182
0.476001
0.562849
0.569762
0.481264
0.488020
0.485286
0.390045
0.758681
0.398436
0.674513
0.852012
0.474336
0.393094
0.341525
0.429128
0.850336
0.635685
0.432176
0.421623
0.468351
0.517954
0.348021
0.372751
0.403246
0.681965
0.620031
0.414771
0.680173
0.455756
0.686693
0.403002
0.360559
0.458648
0.731343
0.581664
0.439274
0.415434
0.526845
0.660476
0.886443
0.513999
0.768516
0.843408
0.457627
0.886282
0.536388
0.792470
0.417030
0.524268
0.418605
0.528685
0.346362
0.346827
0.379556
0.594722
0.369270
0.349700
0.448202
0.516395
0.630215
0.415142
0.744428
0.423149
0.466126
0.416472
0.420335
0.872006
0.727124

0.356613
0.564874
0.464804
0.396926
0.402511
0.361051
0.360369
0.360577
0.450222
0.745533
0.592290
0.383129
0.577710
0.593205
0.456484
0.428592
0.360553
0.435950
0.809146
0.487093
0.677614
0.347230
0.441312
0.763328
0.442635
0.693747
0.394077
0.455050
0.863092
0.737176
0.683217
0.552752
0.518892
0.530257
0.476712
0.428942
0.348220
0.415195
0.878637
0.795708
0.327410
0.446171
0.540478
0.358860
0.376210
0.459943
0.429870
0.395901
0.761369
0.611090
0.711543
0.673946
0.603298
0.497953
0.475116
0.356469
0.621175
0.471073
0.707623
0.400822
0.533462
0.363069
0.426289
0.538146
0.448001
0.359064
0.855799
0.335637
0.534364
0.479945
0.577225
0.526570
0.365291
0.775480
0.703266
0.390031
0.652457
0.449197
0.887653
0.710780
0.401472
0.873225
0.841493
0.439105
0.661409
0.454392
0.493077
0.603714
0.362197
0.690878
0.870776
0.352029
0.511223
0.525682
0.690037
0.464021
0.372772
0.783165
0.405945
0.506739

0.408118
0.400083
0.358138
0.399084
0.608220
0.380744
0.548363
0.494495
0.364547
0.404239
0.746827
0.535396
0.447013
0.512359
0.475646
0.537678
0.624366
0.912293
0.824068
0.422557
0.406793
0.456567
0.628583
0.372965
0.435934
0.403327
0.340959
0.418170
0.342956
0.812750
0.443739
0.407840
0.448945
0.520455
0.419045
0.589569
0.538328
0.621921
0.592232
0.482951
0.390895
0.364628
0.444288
0.535645
0.700156
0.397504
0.468478
0.558595
0.487176
0.717999
0.614253
0.826031
0.447239
0.613088
0.657633
0.564979
0.343765
0.453728
0.387660
0.414323
0.455860
0.436035
0.519905
0.631005
0.494323
0.518953
0.857863
0.398262
0.866769
0.643853
0.650883
0.362695
0.765973
0.569126
0.478703
0.437991
0.397786
0.749181
0.378247
0.618894
0.664398
0.615678
0.591629
0.569133
0.455418
0.790196
0.588464
0.868334
0.362747
0.826176
0.579841
0.549352
0.372310
0.344623
0.747079
0.482438
0.605895
0.751252
0.502300
0.800441

0.457792
0.559403
0.549007
0.402203
0.359815
0.451967
0.659380
0.643696
0.633298
0.579183
0.441860
0.385878
0.460065
0.364412
0.521241
0.562655
0.423066
0.539581
0.769159
0.422034
0.403978
0.581182
0.365610
0.798908
0.672151
0.416580
0.366225
0.630224
0.761956
0.413152
0.398081
0.399306
0.394327
0.450227
0.400296
0.631410
0.555792
0.716920
0.894261
0.571337
0.465881
0.380846
0.704564
0.412265
0.853117
0.567714
0.485001
0.783128
0.503816
0.765437
0.456293
0.497374
0.441972
0.345689
0.572108
0.593262
0.415948
0.359474
0.360827
0.339636
0.804569
0.719319
0.384888
0.365518
0.346495
0.489626
0.368931
0.438005
0.610576
0.388783
0.501996
0.544164
0.500184
0.502592
0.390318
0.400599
0.423701
0.652474
0.841115
0.458899
0.369661
0.422047
0.608906
0.411612
0.374307
0.494238
0.437598
0.445338
0.335638
0.373958
0.490132
0.798323
0.671944
0.343055
0.850768
0.793951
0.444004
0.415505
0.686300
0.600760

0.515986
0.391846
0.350852
0.616189
0.426123
0.488187
0.362345
0.528046
0.479026
0.806342
0.393883
0.477526
0.423862
0.452086
0.633634
0.640176
0.521515
0.372267
0.374341
0.441523
0.558958
0.482603
0.639792
0.539791
0.337475
0.478022
0.496911
0.411804
0.538098
0.392993
0.670510
0.408167
0.411198
0.486608
0.433133
0.349639
0.350821
0.830413
0.843276
0.678046
0.759896
0.414960
0.378279
0.691970
0.464814
0.424759
0.364396
0.531752
0.635260
0.340933
0.358850
0.755365
0.471994
0.462819
0.803486
0.342637
0.830573
0.562663
0.421550
0.331181
0.430815
0.783994
0.348760
0.853099
0.703190
0.642941
0.434178
0.358391
0.338832
0.442996
0.507493
0.364739
0.357910
0.561873
0.371093
0.405075
0.326691
0.642593
0.837767
0.388132
0.589506
0.757987
0.451599
0.341964
0.355008
0.720900
0.417993
0.447255
0.364159
0.506470
0.732367
0.766134
0.411824
0.644057
0.911845
0.617260
0.557776
0.486852
0.406683
0.779213

0.691553
0.353054
0.360794
0.649316
0.476419
0.447784
0.427324
0.705370
0.488479
0.632447
0.392974
0.509296
0.422346
0.463999
0.697323
0.507955
0.642936
0.743557
0.546526
0.637731
0.848691
0.559169
0.521062
0.451862
0.605584
0.351856
0.359015
0.336785
0.825976
0.496139
0.624373
0.733534
0.593900
0.625646
0.498618
0.532320
0.468266
0.384274
0.423440
0.409261
0.797995
0.679682
0.518363
0.425921
0.613922
0.700891
0.354876
0.477163
0.370619
0.515859
0.816753
0.414091
0.400142
0.377072
0.407787
0.562236
0.615254
0.480244
0.775580
0.558803
0.346749
0.337686
0.378480
0.918948
0.746772
0.364221
0.636864
0.333548
0.388620
0.470231
0.489614
0.482381
0.780221
0.826758
0.397781
0.381260
0.382412
0.563664
0.333029
0.434650
0.805953
0.716239
0.417181
0.531640
0.503051
0.722977
0.857838
0.634468
0.555005
0.704587
0.643041
0.870102
0.419833
0.363681
0.824684
0.371736
0.444424
0.586297
0.440897
0.714397

0.480129
0.649735
0.385295
0.449921
0.433673
0.350509
0.466185
0.402163
0.551399
0.428883
0.741095
0.370724
0.825459
0.390510
0.399040
0.588013
0.406966
0.370770
0.343489
0.447722
0.348618
0.486177
0.430519
0.523387
0.772147
0.564837
0.394898
0.316953
0.387025
0.564973
0.433371
0.508981
0.509601
0.386508
0.473498
0.435161
0.723104
0.362325
0.551213
0.339088
0.455053
0.461864
0.867348
0.572236
0.489903
0.481539
0.424250
0.866770
0.424073
0.408576
0.664894
0.327375
0.337347
0.486625
0.518480
0.578579
0.383906
0.381131
0.435067
0.364564
0.703256
0.859379
0.463501
0.825105
0.380721
0.451378
0.341864
0.682693
0.397426
0.448893
0.788279
0.396947
0.830391
0.620190
0.387485
0.755566
0.370257
0.818559
0.383358
0.771712
0.402611
0.753674
0.464516
0.393121
0.344873
0.493906
0.445651
0.439384
0.333951
0.544390
0.433414
0.551694
0.699186
0.472861
0.417848
0.531764
0.752825
0.400744
0.531891
0.448303

0.447361
0.508366
0.340796
0.339220
0.485136
0.719941
0.808124
0.686867
0.588194
0.546348
0.539910
0.383629
0.692336
0.370060
0.487411
0.854827
0.377555
0.793153
0.568746
0.505250
0.665020
0.351875
0.638260
0.589929
0.356259
0.380419
0.327219
0.333551
0.616982
0.369399
0.339020
0.502957
0.796232
0.452900
0.377248
0.378388
0.745568
0.829530
0.574340
0.382874
0.330438
0.346531
0.364315
0.735211
0.574005
0.433106
0.731787
0.659292
0.393212
0.573142
0.361108
0.563346
0.513090
0.447104
0.387710
0.417551
0.472530
0.420530
0.358863
0.318711
0.456103
0.511214
0.325207
0.470797
0.385455
0.486012
0.451674
0.684550
0.461860
0.431264
0.507991
0.733919
0.582940
0.632814
0.339900
0.473430
0.710726
0.656550
0.396161
0.329443
0.378088
0.362903
0.431692
0.479093
0.592278
0.699333
0.408847
0.805528
0.372974
0.598695
0.514701
0.443759
0.343892
0.726743
0.850721
0.346778
0.514203
0.337227
0.433533
0.475878

0.465192
0.555555
0.356845
0.407637
0.790922
0.435953
0.369880
0.859325
0.498449
0.492180
0.655849
0.451797
0.392779
0.811473
0.599010
0.654828
0.518913
0.851945
0.943858
0.680435
0.412035
0.629487
0.430708
0.516575
0.549082
0.502809
0.596974
0.366231
0.417641
0.514097
0.682864
0.886752
0.756364
0.365403
0.473134
0.431571
0.673353
0.350769
0.791626
0.401629
0.422644
0.354313
0.378982
0.731046
0.711465
0.549323
0.584780
0.494611
0.343317
0.402069
0.441316
0.614366
0.406558
0.360282
0.321712
0.553727
0.444966
0.474274
0.571134
0.368647
0.454810
0.403289
0.540528
0.358313
0.679909
0.456985
0.598900
0.744581
0.570659
0.759209
0.453608
0.456484
0.563104
0.406401
0.395139
0.482595
0.453813
0.519899
0.374612
0.380395
0.403944
0.604678
0.478123
0.525003
0.680650
0.413726
0.396594
0.466642
0.382498
0.469042
0.613260
0.487052
0.797254
0.630599
0.592938
0.514088
0.683030
0.409213
0.556423
0.478592

0.752013
0.400822
0.329195
0.394662
0.645014
0.557506
0.483773
0.511504
0.351465
0.588277
0.856116
0.700225
0.374510
0.414321
0.838404
0.564241
0.364328
0.766407
0.949008
0.550734
0.542023
0.415038
0.748485
0.557439
0.742488
0.464771
0.424898
0.782054
0.510450
0.562168
0.551944
0.709085
0.395185
0.589030
0.430125
0.404608
0.402566
0.351195
0.429492
0.700812
0.412987
0.384297
0.480661
0.775243
0.396109
0.427972
0.470889
0.810367
0.430520
0.329088
0.377019
0.369528
0.321674
0.437006
0.383919
0.558722
0.363806
0.360477
0.571687
0.483005
0.778393
0.552763
0.365210
0.424871
0.853459
0.797219
0.908114
0.884528
0.365341
0.817599
0.331609
0.402558
0.491884
0.368963
0.316018
0.428853
0.450866
0.766979
0.336217
0.533388
0.536008
0.398971
0.356927
0.479428
0.810763
0.361773
0.324437
0.383623
0.335355
0.404866
0.598637
0.514037
0.431359
0.338735
0.413716
0.734410
0.426899
0.462529
0.402831
0.713092

0.519261
0.609459
0.659790
0.523829
0.488413
0.764563
0.348058
0.447465
0.363092
0.553669
0.750704
0.445635
0.508612
0.395209
0.516419
0.603376
0.521114
0.647626
0.809790
0.592770
0.396520
0.563025
0.648514
0.616336
0.763986
0.904354
0.704899
0.368860
0.723070
0.680624
0.803042
0.420221
0.406680
0.534027
0.869341
0.868781
0.484395
0.369600
0.467127
0.664526
0.762796
0.442688
0.525398
0.623300
0.601873
0.625831
0.502744
0.529759
0.474358
0.371653
0.385164
0.424935
0.513376
0.599660
0.730052
0.343894
0.619004
0.767457
0.417488
0.331680
0.663180
0.445926
0.355669
0.418929
0.400644
0.471378
0.668513
0.787783
0.634190
0.474761
0.373660
0.411626
0.379246
0.714601
0.502943
0.407981
0.317257
0.552429
0.558121
0.790006
0.718313
0.476826
0.352331
0.323494
0.442003
0.558974
0.440550
0.726790
0.639451
0.426248
0.382716
0.348915
0.794625
0.906316
0.760804
0.633061
0.450272
0.555333
0.506162
0.499305

0.337488
0.644183
0.577705
0.640561
0.520886
0.740004
0.765637
0.391502
0.652541
0.477673
0.735413
0.667632
0.650008
0.771946
0.581905
0.594139
0.352019
0.347745
0.410127
0.438056
0.475776
0.380731
0.471445
0.423937
0.399288
0.681603
0.400325
0.571450
0.385507
0.586402
0.722950
0.411431
0.722663
0.700922
0.748369
0.681063
0.480041
0.718804
0.678679
0.404401
0.409866
0.593410
0.448004
0.741803
0.647052
0.438373
0.349889
0.383344
0.633537
0.345108
0.389960
0.558664
0.459796
0.667012
0.618616
0.498101
0.389258
0.795273
0.631002
0.401422
0.483485
0.371992
0.810533
0.357959
0.401221
0.727949
0.688149
0.819709
0.508652
0.442547
0.365518
0.396608
0.348832
0.784797
0.401281
0.724663
0.347624
0.510288
0.460250
0.895379
0.536229
0.873747
0.602583
0.392803
0.652846
0.554604
0.333214
0.558316
0.469313
0.366243
0.491342
0.359548
0.717994
0.762112
0.693820
0.525363
0.363887
0.352563
0.396045
0.725046

0.309593
0.326799
0.749407
0.363613
0.492127
0.510956
0.762364
0.434958
0.490621
0.480775
0.710833
0.491958
0.385745
0.494786
0.548423
0.667576
0.510036
0.486792
0.485673
0.573442
0.363339
0.393199
0.816872
0.378399
0.335841
0.636071
0.353038
0.698283
0.433749
0.477950
0.594440
0.346378
0.475719
0.407817
0.687182
0.373352
0.698606
0.439013
0.349864
0.614604
0.405748
0.383719
0.435684
0.721128
0.342322
0.477298
0.822389
0.431555
0.728679
0.742014
0.359455
0.482469
0.455906
0.430131
0.709309
0.320168
0.319073
0.396608
0.844928
0.344343
0.348645
0.369788
0.424796
0.725939
0.693600
0.452945
0.602632
0.921835
0.910383
0.852309
0.570537
0.413706
0.708462
0.654145
0.398786
0.386775
0.353501
0.375861
0.537158
0.667942
0.413935
0.379940
0.478355
0.373109
0.574324
0.516946
0.489260
0.346853
0.372322
0.392631
0.399504
0.412391
0.560386
0.460969
0.596645
0.409635
0.488031
0.621699
0.395206
0.330193

0.480983
0.379094
0.412826
0.499833
0.603046
0.691873
0.569770
0.457990
0.425550
0.420724
0.731976
0.368515
0.426324
0.653465
0.369309
0.730155
0.695544
0.547910
0.735049
0.374451
0.598205
0.353332
0.335925
0.349924
0.409781
0.650808
0.493887
0.758026
0.876673
0.455512
0.373549
0.578610
0.721778
0.748502
0.673672
0.439243
0.353740
0.646373
0.511293
0.816654
0.839810
0.419273
0.404928
0.333748
0.357088
0.612213
0.442909
0.692469
0.398647
0.527022
0.445177
0.625894
0.493469
0.676478
0.563386
0.364942
0.637384
0.709364
0.420289
0.419694
0.589533
0.433666
0.327906
0.337789
0.513039
0.617909
0.345532
0.864263
0.479143
0.316290
0.540003
0.410639
0.421523
0.599212
0.410673
0.553688
0.362994
0.591745
0.687501
0.427288
0.473792
0.862960
0.359166
0.402322
0.385621
0.501507
0.490072
0.360569
0.465469
0.337016
0.683019
0.855941
0.386413
0.397453
0.612218
0.520224
0.422120
0.360440
0.437414
0.630493

0.666413
0.666201
0.562110
0.370052
0.837012
0.413537
0.439079
0.445867
0.468612
0.401950
0.670436
0.696167
0.435307
0.551454
0.640162
0.347061
0.376962
0.430419
0.519656
0.679054
0.777092
0.524439
0.496555
0.686116
0.463100
0.583695
0.706062
0.387526
0.836406
0.396296
0.374644
0.731212
0.696561
0.610879
0.380328
0.560766
0.489824
0.438692
0.543759
0.356334
0.631680
0.473409
0.698095
0.341025
0.440250
0.891403
0.459399
0.346592
0.595331
0.415201
0.506669
0.811167
0.613249
0.547255
0.605083
0.600047
0.537130
0.339901
0.715570
0.501334
0.550964
0.460504
0.332164
0.356281
0.527539
0.705963
0.497700
0.381109
0.345788
0.534056
0.845608
0.338759
0.404772
0.731543
0.337888
0.605258
0.441426
0.545381
0.364766
0.389102
0.743543
0.852772
0.471820
0.398291
0.556824
0.409485
0.869506
0.710558
0.689777
0.683482
0.450683
0.680437
0.336391
0.497479
0.596319
0.536477
0.530929
0.395704
0.377619
0.641150

0.483240
0.473012
0.703720
0.428678
0.355490
0.349707
0.484255
0.757286
0.727079
0.558827
0.489509
0.356878
0.752226
0.648799
0.365930
0.680868
0.375416
0.438024
0.490958
0.349599
0.532315
0.487516
0.849798
0.724516
0.818128
0.438221
0.338755
0.610215
0.468136
0.403455
0.638449
0.478465
0.382800
0.794565
0.401343
0.573445
0.724310
0.362444
0.829549
0.448507
0.525937
0.718478
0.555196
0.532919
0.886582
0.864807
0.789229
0.760492
0.465482
0.548837
0.713436
0.460865
0.520673
0.564691
0.423720
0.836062
0.419779
0.451239
0.795374
0.422699
0.775087
0.357299
0.378041
0.478435
0.660229
0.370332
0.515228
0.386703
0.728852
0.431425
0.430142
0.427582
0.861716
0.389800
0.345610
0.456382
0.636424
0.366901
0.414737
0.578402
0.459877
0.590767
0.866045
0.479709
0.383868
0.731775
0.768455
0.348209
0.437445
0.355272
0.377509
0.834851
0.597440
0.750086
0.381228
0.581810
0.544089
0.559736
0.386289
0.551388

0.561639
0.559908
0.854002
0.389442
0.354694
0.361728
0.380385
0.374777
0.848475
0.420187
0.720877
0.740047
0.512884
0.625393
0.743270
0.525084
0.825829
0.344701
0.410013
0.570177
0.470981
0.425909
0.434817
0.424018
0.346075
0.329248
0.370890
0.341366
0.500716
0.345197
0.624414
0.349309
0.509880
0.510645
0.483118
0.608131
0.569177
0.379695
0.390322
0.782369
0.506367
0.416327
0.365009
0.380807
0.648421
0.433244
0.378421
0.503274
0.688065
0.570004
0.352175
0.647487
0.693164
0.541064
0.702606
0.864694
0.712916
0.520195
0.600193
0.434563
0.340378
0.565400
0.470966
0.741602
0.346735
0.305065
0.334988
0.832110
0.695237
0.387536
0.382587
0.780758
0.784888
0.397193
0.368746
0.609418
0.375973
0.648648
0.601951
0.595137
0.645166
0.549383
0.647413
0.746485
0.812571
0.405365
0.583346
0.425152
0.559578
0.348110
0.346321
0.345587
0.840805
0.601175
0.336871
0.599828
0.326189
0.563262
0.383698
0.594775

0.426377
0.370052
0.681356
0.619547
0.698396
0.747375
0.498790
0.469519
0.396714
0.570284
0.352815
0.334895
0.348614
0.381258
0.425116
0.795988
0.393571
0.388938
0.392958
0.456411
0.437119
0.451275
0.817276
0.507161
0.493349
0.761852
0.592778
0.588114
0.373031
0.350287
0.860812
0.760112
0.666698
0.629497
0.416534
0.374543
0.523575
0.614127
0.568181
0.712888
0.374101
0.434030
0.849743
0.544587
0.464647
0.398078
0.509640
0.360505
0.352539
0.707673
0.339684
0.528130
0.435295
0.374388
0.373152
0.708350
0.427042
0.667098
0.628586
0.894439
0.728412
0.563930
0.486877
0.381466
0.513982
0.331864
0.425096
0.877070
0.471304
0.367691
0.629885
0.509190
0.443924
0.412945
0.490035
0.436221
0.579396
0.437778
0.690055
0.396993
0.594592
0.426862
0.332980
0.426370
0.484693
0.492649
0.414243
0.647484
0.346209
0.640342
0.348684
0.489386
0.672038
0.561977
0.474255
0.488456
0.341055
0.673935
0.436482
0.650011

0.563151
0.701342
0.499185
0.622560
0.556158
0.586886
0.469559
0.787433
0.564773
0.439175
0.523516
0.350733
0.437990
0.373041
0.345799
0.453516
0.456902
0.416227
0.541943
0.367807
0.378550
0.574718
0.528056
0.579589
0.442657
0.365307
0.472303
0.810054
0.601794
0.362219
0.489247
0.501348
0.895661
0.405629
0.505608
0.410666
0.546954
0.355186
0.598182
0.430762
0.642820
0.466943
0.703318
0.734682
0.679204
0.590500
0.792368
0.516156
0.410693
0.337556
0.381564
0.379270
0.771515
0.710787
0.502182
0.333214
0.621526
0.564766
0.604033
0.452262
0.423692
0.522553
0.358992
0.384019
0.317022
0.542837
0.383629
0.403158
0.586784
0.335208
0.388211
0.471221
0.344776
0.367873
0.722086
0.534366
0.354069
0.405377
0.408608
0.443356
0.625408
0.373837
0.400025
0.327735
0.414394
0.505735
0.345110
0.333455
0.467417
0.352158
0.446070
0.375343
0.728731
0.567426
0.380697
0.364950
0.438825
0.645306
0.455606
0.466277

0.523127
0.402365
0.485400
0.683277
0.537309
0.443311
0.761401
0.643327
0.831275
0.518352
0.347242
0.336961
0.435837
0.689886
0.524376
0.359131
0.602786
0.375601
0.728582
0.403854
0.589979
0.667306
0.354779
0.594634
0.428130
0.417941
0.385786
0.393899
0.497214
0.417053
0.414234
0.795019
0.819122
0.810599
0.714331
0.830741
0.685589
0.391881
0.586567
0.413844
0.728885
0.342394
0.348897
0.513800
0.377909
0.374185
0.360368
0.856754
0.698050
0.389886
0.569550
0.489438
0.479917
0.728557
0.634809
0.422214
0.571025
0.434549
0.462281
0.777532
0.504821
0.395060
0.650943
0.392611
0.341299
0.396660
0.537227
0.658835
0.601808
0.453808
0.675081
0.350822
0.520966
0.846131
0.445895
0.361421
0.423110
0.565395
0.638218
0.800623
0.605567
0.339899
0.410653
0.369955
0.332508
0.376704
0.416424
0.390315
0.414963
0.382414
0.415851
0.480370
0.472732
0.635815
0.442888
0.652580
0.811906
0.758010
0.478432
0.350403

0.563685
0.363737
0.443046
0.409580
0.519797
0.438689
0.364092
0.518392
0.369891
0.754091
0.451326
0.841252
0.673166
0.483818
0.483373
0.586487
0.785461
0.390576
0.769440
0.348815
0.823438
0.860124
0.378798
0.393283
0.666585
0.568756
0.762460
0.423001
0.460380
0.464428
0.775647
0.515558
0.770770
0.493882
0.404033
0.424602
0.362749
0.696304
0.726795
0.381944
0.468694
0.386376
0.604425
0.457697
0.759292
0.381709
0.352552
0.595807
0.446390
0.803587
0.346858
0.365815
0.775247
0.484715
0.323851
0.373460
0.398396
0.717457
0.459009
0.633774
0.411718
0.420179
0.577889
0.370818
0.612201
0.549439
0.458405
0.345292
0.691816
0.571489
0.493782
0.652695
0.639494
0.736069
0.797844
0.344563
0.454782
0.909889
0.682853
0.454764
0.806882
0.378796
0.610194
0.759281
0.377551
0.381457
0.718389
0.330481
0.500448
0.511394
0.524030
0.801643
0.772966
0.732708
0.508455
0.557209
0.771604
0.403183
0.462121
0.660097

0.367753
0.345754
0.547128
0.634703
0.345492
0.388362
0.592699
0.360450
0.391080
0.439538
0.514664
0.495433
0.427014
0.525109
0.352510
0.331347
0.387759
0.524015
0.556623
0.434846
0.750980
0.370820
0.369268
0.428050
0.353263
0.840223
0.438066
0.648961
0.731632
0.579180
0.678649
0.355713
0.359647
0.468418
0.750925
0.399311
0.707891
0.352885
0.386799
0.419710
0.332445
0.508304
0.362856
0.470900
0.563609
0.450927
0.724431
0.378789
0.523001
0.468333
0.767037
0.465479
0.460893
0.699599
0.740588
0.403640
0.480818
0.868936
0.339310
0.458997
0.524635
0.836495
0.581637
0.362313
0.401605
0.736805
0.596844
0.403774
0.344593
0.477649
0.351512
0.831956
0.695960
0.598708
0.529453
0.368006
0.665812
0.725511
0.401155
0.464819
0.446694
0.699101
0.579555
0.407691
0.620423
0.341255
0.347638
0.373807
0.339320
0.497040
0.353666
0.376829
0.398886
0.856761
0.664939
0.368894
0.437486
0.342680
0.506063
0.543177

0.473106
0.335081
0.671034
0.571634
0.551058
0.418632
0.341104
0.320794
0.387577
0.688323
0.668890
0.365099
0.416587
0.839765
0.817309
0.407834
0.499522
0.550954
0.715347
0.438790
0.877461
0.421781
0.435325
0.414367
0.458689
0.736576
0.551402
0.539327
0.725330
0.362430
0.555640
0.398195
0.808457
0.505158
0.446150
0.754184
0.749668
0.409285
0.685199
0.326836
0.369096
0.367755
0.343187
0.411726
0.842942
0.397866
0.338388
0.360495
0.824126
0.649922
0.719858
0.487758
0.322200
0.389927
0.398005
0.373637
0.550240
0.605408
0.841678
0.593363
0.717766
0.500555
0.848362
0.648156
0.638504
0.807315
0.552415
0.502483
0.469615
0.417708
0.430950
0.567961
0.338403
0.345327
0.705216
0.352751
0.353953
0.353612
0.581219
0.568135
0.491195
0.467254
0.407450
0.383759
0.625871
0.346400
0.335481
0.470756
0.390579
0.354898
0.534168
0.546793
0.836354
0.446160
0.396119
0.798031
0.601446
0.353341
0.667262
0.578481

0.448502
0.359979
0.354437
0.372815
0.677871
0.548337
0.718327
0.447387
0.407765
0.782050
0.364734
0.397091
0.500787
0.466529
0.469450
0.489478
0.688582
0.365958
0.362843
0.802505
0.548517
0.346038
0.438399
0.439282
0.660394
0.419346
0.615109
0.361043
0.427947
0.356072
0.619414
0.560438
0.585405
0.588622
0.489980
0.344523
0.381426
0.430220
0.808875
0.344661
0.644796
0.464287
0.426558
0.395309
0.453839
0.709055
0.390757
0.529774
0.369951
0.401149
0.769015
0.586941
0.402261
0.325575
0.499808
0.534558
0.412207
0.341159
0.513991
0.563694
0.636325
0.436239
0.400239
0.739905
0.794024
0.427748
0.357153
0.374996
0.338151
0.374760
0.807428
0.354159
0.540226
0.381569
0.428310
0.423360
0.644548
0.553907
0.514154
0.838607
0.760690
0.391986
0.387314
0.333357
0.329777
0.555731
0.365524
0.833655
0.742632
0.475650
0.404241
0.818031
0.372384
0.759770
0.784592
0.667739
0.460176
0.677384
0.389081
0.518879

0.508135
0.544194
0.372015
0.379035
0.605158
0.463504
0.415696
0.428735
0.404515
0.857864
0.627228
0.447309
0.345696
0.456657
0.458891
0.403750
0.530811
0.824768
0.474304
0.790115
0.599957
0.371888
0.552147
0.703934
0.363051
0.667586
0.365883
0.392146
0.823279
0.345375
0.387392
0.577573
0.448647
0.671298
0.797075
0.567422
0.501460
0.601554
0.359082
0.423845
0.452562
0.446194
0.323894
0.389589
0.650758
0.802835
0.352317
0.375532
0.492661
0.538445
0.780107
0.838199
0.421742
0.835989
0.775913
0.682009
0.692784
0.631579
0.471046
0.398197
0.519255
0.341864
0.485717
0.795349
0.696678
0.374026
0.510932
0.437503
0.587228
0.332142
0.460431
0.601201
0.494380
0.364831
0.689729
0.563347
0.349314
0.474104
0.431023
0.603073
0.551442
0.566573
0.852336
0.774372
0.346956
0.562679
0.830657
0.342603
0.648693
0.356665
0.464247
0.677842
0.347198
0.464754
0.672312
0.428774
0.466198
0.388214
0.590168
0.366053

0.566610
0.329321
0.397802
0.384962
0.391592
0.804347
0.374774
0.843641
0.632916
0.560224
0.693589
0.419263
0.467526
0.349084
0.465397
0.525541
0.367177
0.831416
0.538201
0.391219
0.504040
0.663447
0.894893
0.638991
0.479324
0.540852
0.358057
0.353303
0.857023
0.359365
0.801166
0.671386
0.342402
0.475676
0.333223
0.507396
0.316822
0.418887
0.675077
0.375295
0.324547
0.333263
0.384717
0.440079
0.869041
0.584003
0.617772
0.693608
0.696327
0.402652
0.748424
0.603647
0.395161
0.383030
0.348856
0.377910
0.482856
0.497263
0.388362
0.794199
0.456599
0.434190
0.701214
0.344827
0.479966
0.778683
0.437506
0.659018
0.607721
0.718658
0.348549
0.614800
0.571166
0.434525
0.471657
0.495970
0.493611
0.452128
0.660358
0.713320
0.587682
0.407524
0.466411
0.746115
0.352664
0.434446
0.747237
0.442259
0.384896
0.420881
0.424573
0.377972
0.483811
0.491818
0.537626
0.378405
0.645535
0.335125
0.447284
0.433695

0.341353
0.331528
0.338987
0.595449
0.833021
0.413401
0.465176
0.368649
0.525506
0.842862
0.361508
0.386042
0.416369
0.463143
0.639501
0.339014
0.462346
0.341710
0.657498
0.341057
0.705205
0.354783
0.465108
0.869388
0.718913
0.559116
0.410730
0.373933
0.466451
0.866065
0.612617
0.561597
0.412051
0.477832
0.365551
0.562670
0.317335
0.374543
0.327249
0.608364
0.337657
0.640869
0.415424
0.486458
0.392672
0.863866
0.378190
0.582403
0.388432
0.634021
0.416232
0.406060
0.538639
0.584620
0.462302
0.393492
0.335460
0.326114
0.546524
0.331450
0.446917
0.341594
0.527347
0.327105
0.379588
0.653516
0.351552
0.440736
0.332618
0.509813
0.380037
0.845594
0.502178
0.521120
0.464093
0.356210
0.832712
0.610518
0.603009
0.595737
0.508688
0.362005
0.466233
0.622904
0.409886
0.634116
0.764698
0.685200
0.681513
0.558334
0.616044
0.484444
0.346183
0.482741
0.698274
0.338987
0.598857
0.739980
0.886193
0.715539

0.757515
0.609382
0.734140
0.854234
0.395447
0.779628
0.403324
0.347928
0.325926
0.355662
0.370923
0.415219
0.369586
0.387573
0.410835
0.408248
0.624742
0.387012
0.622264
0.381401
0.352490
0.663400
0.560524
0.557979
0.378444
0.512015
0.670094
0.680570
0.368837
0.602771
0.603953
0.472626
0.385999
0.381341
0.406017
0.713203
0.481349
0.364978
0.324828
0.336969
0.582195
0.334526
0.433654
0.581828
0.693103
0.817560
0.342211
0.856015
0.611076
0.520309
0.639457
0.649595
0.389564
0.345253
0.437954
0.717781
0.322836
0.337030
0.704380
0.461850
0.596020
0.352147
0.568935
0.729478
0.560677
0.351259
0.581100
0.787300
0.353676
0.440704
0.573726
0.763875
0.421508
0.526947
0.551556
0.423522
0.825923
0.563338
0.783439
0.454534
0.885986
0.603824
0.504325
0.644254
0.515280
0.534400
0.734156
0.542941
0.439695
0.537558
0.739353
0.606923
0.434713
0.549271
0.570183
0.659306
0.359096
0.351076
0.564542
0.369440

0.364540
0.380182
0.846870
0.509661
0.450578
0.657385
0.892174
0.570193
0.433278
0.379771
0.673905
0.349145
0.628644
0.897252
0.814018
0.830698
0.774686
0.662358
0.404827
0.369176
0.567785
0.361194
0.355377
0.505035
0.374002
0.440606
0.362194
0.468262
0.412911
0.364708
0.382488
0.364709
0.359816
0.499844
0.372326
0.709543
0.612986
0.384150
0.484450
0.328887
0.731228
0.534916
0.652432
0.697404
0.389547
0.513952
0.362889
0.783111
0.350127
0.447252
0.384896
0.808375
0.387028
0.418178
0.379016
0.385217
0.409395
0.532303
0.357174
0.453121
0.621361
0.626837
0.524026
0.358008
0.391142
0.356625
0.462183
0.349097
0.676167
0.614932
0.415292
0.723187
0.388092
0.489565
0.387564
0.550196
0.862732
0.480587
0.767377
0.575492
0.872131
0.470107
0.408413
0.425257
0.716195
0.546728
0.722210
0.571825
0.341599
0.428294
0.505289
0.491547
0.794452
0.510850
0.366198
0.366922
0.369219
0.616873
0.518904
0.741528

0.399248
0.626802
0.375020
0.399040
0.457986
0.687334
0.556168
0.700624
0.358453
0.637353
0.792010
0.434907
0.530864
0.470984
0.362233
0.397691
0.881080
0.666474
0.419482
0.362129
0.508873
0.457793
0.679573
0.467855
0.516303
0.498325
0.341763
0.484889
0.412632
0.589776
0.839940
0.416800
0.498950
0.422318
0.560633
0.715188
0.620335
0.365138
0.426574
0.602885
0.577585
0.749154
0.496888
0.363372
0.346080
0.497736
0.330586
0.650284
0.341522
0.802062
0.710020
0.709653
0.717101
0.420293
0.382212
0.426672
0.385658
0.380628
0.440914
0.384591
0.769040
0.569888
0.470535
0.523862
0.385191
0.326066
0.531635
0.719277
0.497117
0.648733
0.689982
0.355426
0.478369
0.397384
0.501019
0.339501
0.348487
0.576210
0.738242
0.465451
0.342115
0.446714
0.568669
0.358151
0.371014
0.421846
0.520804
0.694463
0.664528
0.522995
0.506977
0.383900
0.356366
0.578873
0.385580
0.430722
0.793460
0.370091
0.503578
0.716926

0.511884
0.718884
0.454670
0.379545
0.556631
0.478991
0.413248
0.869766
0.610189
0.651694
0.497292
0.545521
0.574276
0.500625
0.353239
0.340946
0.356339
0.361375
0.548780
0.828551
0.557877
0.341910
0.389386
0.454795
0.763123
0.468523
0.454344
0.539605
0.634896
0.609865
0.504519
0.743068
0.437588
0.382133
0.449413
0.456212
0.447409
0.398279
0.429819
0.393751
0.549755
0.674561
0.491755
0.331323
0.630865
0.621385
0.386025
0.518232
0.387332
0.547219
0.630192
0.474352
0.340228
0.468933
0.525527
0.409848
0.676194
0.527628
0.485645
0.355802
0.670276
0.455926
0.360702
0.569068
0.494436
0.379981
0.557662
0.590456
0.330536
0.336815
0.514638
0.504767
0.361739
0.421577
0.799626
0.456014
0.594811
0.659043
0.361942
0.834205
0.452713
0.480190
0.649912
0.370208
0.432427
0.404062
0.565051
0.752081
0.440727
0.535152
0.470552
0.812650
0.340509
0.372856
0.458371
0.662659
0.843123
0.321404
0.598694
0.656931

0.354106
0.628258
0.825046
0.905531
0.905799
0.620372
0.346368
0.708116
0.363174
0.593763
0.443708
0.380938
0.894542
0.520704
0.335208
0.344828
0.432530
0.828305
0.706993
0.811073
0.412377
0.415695
0.490309
0.599066
0.908117
0.371408
0.766162
0.457141
0.722646
0.522047
0.630677
0.501204
0.450848
0.627601
0.583819
0.436902
0.690661
0.399165
0.515125
0.647360
0.554803
0.675148
0.470026
0.463903
0.603361
0.818547
0.698254
0.385943
0.368616
0.474650
0.690645
0.597755
0.349821
0.505693
0.660035
0.380862
0.481949
0.359457
0.605598
0.662250
0.592472
0.439358
0.393425
0.331079
0.365442
0.702922
0.654426
0.498466
0.435751
0.352173
0.580954
0.405189
0.708095
0.374020
0.487660
0.353780
0.609378
0.359179
0.578817
0.728362
0.423370
0.347295
0.411552
0.609429
0.334480
0.387295
0.504977
0.673458
0.520269
0.407846
0.376565
0.406397
0.416333
0.628735
0.348349
0.416410
0.431956
0.583719
0.436668
0.464869

0.334151
0.439716
0.508762
0.547649
0.541957
0.344594
0.533254
0.338475
0.704981
0.748260
0.886204
0.892707
0.885602
0.608800
0.353881
0.485934
0.466523
0.547559
0.510601
0.681119
0.728149
0.547778
0.549265
0.461901
0.681944
0.457665
0.372369
0.573338
0.440335
0.362255
0.538835
0.650285
0.469815
0.797845
0.624809
0.853692
0.630133
0.465183
0.384704
0.636906
0.341653
0.387771
0.325658
0.368412
0.378502
0.454415
0.385125
0.359330
0.816501
0.534938
0.349009
0.507064
0.790437
0.356187
0.457558
0.817276
0.442737
0.789946
0.412710
0.454949
0.633743
0.754109
0.392399
0.545380
0.669802
0.574219
0.553714
0.831131
0.745807
0.563651
0.816075
0.869584
0.602131
0.590707
0.444175
0.605981
0.450244
0.631361
0.348434
0.497502
0.647069
0.499256
0.608591
0.455052
0.382137
0.329362
0.327597
0.559950
0.400510
0.806340
0.840743
0.436091
0.377538
0.475821
0.402909
0.640669
0.335337
0.462982
0.451144
0.405555

0.412788
0.407967
0.551489
0.631954
0.591961
0.836292
0.850315
0.820528
0.367537
0.349857
0.579014
0.714871
0.339008
0.590262
0.500887
0.651595
0.497927
0.691593
0.502745
0.550093
0.527679
0.475658
0.383369
0.418339
0.629949
0.396123
0.443202
0.405314
0.617031
0.560979
0.618845
0.527271
0.437013
0.388270
0.497345
0.441499
0.347862
0.425538
0.720339
0.693384
0.684357
0.457066
0.395907
0.343787
0.548157
0.539975
0.490182
0.338985
0.347402
0.435125
0.618447
0.392952
0.518892
0.579410
0.383678
0.365455
0.438537
0.472104
0.490771
0.436518
0.371113
0.459505
0.340669
0.354282
0.788905
0.616734
0.724906
0.613349
0.440143
0.689081
0.562205
0.804174
0.421395
0.800212
0.680561
0.450778
0.859548
0.434222
0.649178
0.772978
0.460051
0.361231
0.543408
0.464965
0.550123
0.399805
0.360345
0.555551
0.373119
0.360369
0.366049
0.393431
0.485561
0.448976
0.378216
0.881541
0.482822
0.467724
0.412180
0.403832

0.338530
0.340765
0.775962
0.325857
0.398820
0.619802
0.327345
0.453235
0.669868
0.372937
0.804916
0.514927
0.516101
0.557256
0.730688
0.728830
0.564869
0.561978
0.368381
0.432135
0.377888
0.349581
0.567808
0.349941
0.344051
0.377414
0.461205
0.735793
0.748593
0.359465
0.649759
0.477758
0.552997
0.355816
0.498918
0.823768
0.437231
0.733153
0.368659
0.384731
0.682045
0.461630
0.557209
0.321311
0.401839
0.416259
0.402081
0.689696
0.384188
0.538860
0.381803
0.462158
0.381161
0.681459
0.410031
0.437929
0.672800
0.642979
0.581019
0.818610
0.405667
0.593298
0.447459
0.366693
0.706277
0.341726
0.614089
0.453964
0.537738
0.343376
0.373725
0.352595
0.366718
0.589883
0.377627
0.390581
0.677546
0.490257
0.860840
0.420072
0.342334
0.405910
0.430796
0.471103
0.841030
0.567120
0.624263
0.396976
0.763436
0.706784
0.536147
0.634771
0.349732
0.435732
0.379330
0.630483
0.337294
0.564620
0.487594
0.404602

0.500465
0.616454
0.534382
0.539142
0.319180
0.348100
0.803953
0.356117
0.356535
0.334790
0.596462
0.565637
0.332665
0.552733
0.337189
0.395268
0.471188
0.412260
0.342038
0.463872
0.803107
0.417455
0.542107
0.487499
0.359440
0.528987
0.856169
0.442183
0.399520
0.411114
0.352936
0.572429
0.696053
0.627550
0.758826
0.894261
0.441049
0.526796
0.874067
0.831082
0.798042
0.450080
0.416200
0.340771
0.436183
0.389729
0.388414
0.489227
0.647677
0.927434
0.723477
0.663812
0.458074
0.569202
0.490493
0.694011
0.381102
0.681555
0.645899
0.508396
0.345158
0.692526
0.647453
0.541919
0.368140
0.394404
0.442380
0.802640
0.513994
0.605418
0.421808
0.640931
0.459638
0.472497
0.490942
0.491105
0.614571
0.407038
0.665841
0.406905
0.548127
0.440940
0.566625
0.750859
0.556028
0.744654
0.466729
0.605189
0.639276
0.346599
0.546037
0.847746
0.499533
0.359427
0.377363
0.364059
0.452370
0.540919
0.496951
0.593406

0.353933
0.361361
0.626984
0.551083
0.659209
0.438994
0.684837
0.539700
0.328736
0.329865
0.371513
0.416890
0.497488
0.562843
0.462314
0.472165
0.610824
0.502951
0.369007
0.621858
0.815938
0.466480
0.378854
0.513110
0.422395
0.641842
0.415957
0.540758
0.525835
0.672518
0.610708
0.569921
0.479770
0.479976
0.368973
0.627726
0.576704
0.447658
0.408853
0.517139
0.337832
0.447147
0.382731
0.808395
0.419614
0.547216
0.387207
0.355282
0.430589
0.902584
0.527793
0.480914
0.581293
0.470979
0.361781
0.378313
0.418686
0.597064
0.816966
0.518576
0.508843
0.476195
0.650079
0.361115
0.627922
0.339591
0.533344
0.788844
0.642605
0.481555
0.520284
0.344491
0.360228
0.677755
0.412847
0.346252
0.504421
0.472197
0.534772
0.558498
0.395409
0.564598
0.404502
0.346181
0.389567
0.424756
0.351659
0.506777
0.527125
0.418172
0.444459
0.593950
0.602814
0.666361
0.711657
0.377349
0.388539
0.511047
0.646706
0.373232

0.492224
0.409092
0.679705
0.377409
0.747885
0.447640
0.636454
0.351381
0.350629
0.514054
0.353166
0.447177
0.469766
0.330925
0.593230
0.348817
0.481577
0.466282
0.691511
0.785253
0.885427
0.555537
0.806951
0.571787
0.781534
0.912792
0.671289
0.855547
0.766559
0.791820
0.578914
0.513819
0.404907
0.666205
0.631091
0.536233
0.384934
0.367578
0.380900
0.560483
0.578167
0.708032
0.360006
0.555682
0.528378
0.328654
0.652185
0.379415
0.661440
0.852681
0.494794
0.504545
0.353382
0.851263
0.477556
0.817812
0.525195
0.536379
0.402257
0.683051
0.388288
0.452088
0.735117
0.889832
0.642838
0.476815
0.756651
0.436493
0.554715
0.492780
0.551625
0.597668
0.572381
0.434645
0.808720
0.387215
0.358051
0.682386
0.413545
0.433180
0.444917
0.377284
0.482547
0.755282
0.757126
0.431327
0.537276
0.506241
0.677599
0.394656
0.456155
0.669814
0.462530
0.419643
0.550524
0.428313
0.505637
0.857643
0.394901
0.430253

0.367235
0.817179
0.727837
0.341978
0.814956
0.570809
0.418619
0.371384
0.606764
0.377212
0.403309
0.345613
0.610849
0.463011
0.661903
0.517366
0.557368
0.802430
0.520993
0.333128
0.337365
0.530228
0.387589
0.352480
0.469758
0.406631
0.511788
0.362311
0.488569
0.635942
0.634790
0.414421
0.348768
0.335580
0.348972
0.350241
0.415377
0.543368
0.390375
0.535830
0.514063
0.635117
0.765995
0.687593
0.362854
0.398353
0.461985
0.323289
0.428168
0.793942
0.595173
0.374094
0.446300
0.473965
0.845081
0.499462
0.760723
0.561972
0.447995
0.385395
0.585362
0.509844
0.709790
0.494997
0.402443
0.765465
0.754006
0.507868
0.466287
0.398778
0.595935
0.478548
0.456885
0.683742
0.655032
0.568772
0.800828
0.350623
0.674724
0.551892
0.621473
0.446965
0.473320
0.503236
0.334066
0.355059
0.519853
0.803097
0.385574
0.345061
0.582471
0.585425
0.671574
0.391946
0.654994
0.394484
0.684739
0.586118
0.747184
0.388345

0.363509
0.334103
0.722436
0.350373
0.404070
0.375247
0.421501
0.660222
0.546295
0.647019
0.910713
0.569201
0.492477
0.399949
0.485489
0.324925
0.526748
0.705148
0.775528
0.442080
0.697334
0.427834
0.367625
0.540334
0.349826
0.402330
0.389989
0.453849
0.669590
0.433829
0.401546
0.577306
0.462505
0.439097
0.569440
0.449477
0.754131
0.579688
0.337542
0.336854
0.456827
0.339245
0.352118
0.361808
0.363177
0.310799
0.420101
0.443393
0.762435
0.607616
0.833952
0.393220
0.348648
0.363456
0.361881
0.399363
0.636370
0.657017
0.384936
0.344569
0.347958
0.347639
0.380042
0.407218
0.392576
0.455756
0.391270
0.425880
0.628039
0.415780
0.357389
0.619475
0.594277
0.373526
0.569383
0.481810
0.551735
0.636287
0.524440
0.351543
0.642776
0.420287
0.373437
0.368798
0.620731
0.542594
0.692205
0.389079
0.751945
0.702632
0.415985
0.594792
0.512342
0.472496
0.635807
0.570493
0.545764
0.533414
0.697420
0.684196

0.411531
0.344334
0.463765
0.562021
0.326058
0.409961
0.601958
0.364188
0.576811
0.589229
0.725990
0.619428
0.441053
0.513529
0.397846
0.371795
0.775392
0.583457
0.506775
0.355005
0.460832
0.593936
0.337559
0.613335
0.360168
0.527623
0.491988
0.796182
0.746148
0.387571
0.427235
0.534461
0.511585
0.379173
0.613594
0.420865
0.396623
0.603327
0.716659
0.411699
0.443606
0.606039
0.748918
0.438426
0.462437
0.438565
0.465587
0.565881
0.524973
0.550438
0.463380
0.564401
0.477922
0.362968
0.436114
0.363093
0.709687
0.466757
0.336082
0.411002
0.368356
0.383980
0.346580
0.393983
0.368916
0.633690
0.539455
0.521535
0.347328
0.470551
0.410104
0.665064
0.674692
0.618411
0.597678
0.593685
0.817689
0.491443
0.336342
0.436141
0.643487
0.332149
0.364749
0.343031
0.374765
0.429812
0.890774
0.526088
0.836838
0.491125
0.403968
0.717637
0.421562
0.765380
0.352039
0.783118
0.402162
0.367553
0.502074
0.502179

0.374520
0.391368
0.502587
0.330468
0.435057
0.763346
0.453716
0.347364
0.449373
0.750012
0.712703
0.539976
0.588817
0.497173
0.510906
0.466417
0.341169
0.831966
0.347071
0.333406
0.333060
0.405643
0.525440
0.369899
0.606417
0.722126
0.571374
0.359790
0.373072
0.490203
0.703940
0.614094
0.812948
0.410102
0.532309
0.354629
0.417567
0.673347
0.391319
0.781603
0.348556
0.392452
0.348925
0.343831
0.580754
0.784647
0.322740
0.691247
0.652444
0.503455
0.539161
0.591089
0.667738
0.492152
0.617055
0.504875
0.425432
0.526985
0.684067
0.375724
0.335478
0.363665
0.561755
0.605994
0.785851
0.341429
0.355718
0.336853
0.339872
0.553593
0.630009
0.364962
0.516787
0.431624
0.593673
0.589970
0.572469
0.658153
0.499655
0.437572
0.352396
0.382678
0.433229
0.386211
0.712551
0.355453
0.460705
0.401028
0.678125
0.422373
0.462677
0.525627
0.675317
0.385392
0.450980
0.631412
0.480619
0.699670
0.447400
0.463386

0.403748
0.445277
0.377196
0.386538
0.757997
0.367713
0.430758
0.379413
0.377787
0.773529
0.708825
0.460234
0.488544
0.506275
0.710531
0.801574
0.705889
0.436727
0.512471
0.611058
0.547365
0.423930
0.364416
0.410361
0.336722
0.435771
0.555905
0.763938
0.775126
0.358114
0.370799
0.480469
0.483603
0.464392
0.655425
0.497639
0.723410
0.726450
0.359034
0.552217
0.628377
0.478274
0.784621
0.690029
0.708420
0.347388
0.351624
0.567667
0.467204
0.355080
0.456694
0.578816
0.768448
0.385429
0.587043
0.475130
0.512659
0.559332
0.383439
0.613690
0.324481
0.336678
0.459660
0.629191
0.801467
0.468229
0.377371
0.354509
0.356519
0.413304
0.784213
0.343404
0.461652
0.352667
0.407860
0.714339
0.367467
0.441856
0.592613
0.455018
0.392848
0.387135
0.365823
0.389582
0.590222
0.464605
0.550512
0.371245
0.455157
0.341059
0.397905
0.339433
0.427409
0.516585
0.661263
0.341593
0.399417
0.536109
0.556058
0.398722

0.589948
0.432389
0.502990
0.491385
0.351898
0.355181
0.540557
0.390856
0.337587
0.648712
0.503510
0.386505
0.371880
0.386507
0.546490
0.431195
0.515108
0.715086
0.731684
0.506379
0.360073
0.633227
0.336330
0.334142
0.547709
0.441490
0.375520
0.539780
0.806266
0.682543
0.640025
0.580905
0.404091
0.445938
0.460420
0.726782
0.538564
0.592131
0.361224
0.650930
0.869714
0.471879
0.336015
0.640745
0.359094
0.348478
0.512376
0.740556
0.447042
0.613693
0.362267
0.721527
0.357761
0.509906
0.830160
0.596512
0.582758
0.649152
0.575283
0.328270
0.447573
0.341913
0.498540
0.578558
0.484582
0.531575
0.679680
0.594292
0.669442
0.539966
0.680320
0.836541
0.676246
0.666365
0.355081
0.369705
0.392274
0.434773
0.468252
0.608819
0.433980
0.549369
0.462570
0.842704
0.801711
0.588241
0.351078
0.341963
0.610671
0.429856
0.579867
0.397546
0.401353
0.497548
0.872576
0.493038
0.631558
0.505104
0.517154
0.435462

0.507659
0.496762
0.322864
0.362807
0.497639
0.548270
0.604180
0.352669
0.436789
0.833157
0.427452
0.569344
0.506307
0.759559
0.729031
0.400335
0.707563
0.738645
0.581095
0.465614
0.610172
0.332999
0.410047
0.678653
0.393505
0.729084
0.698873
0.792097
0.765769
0.862514
0.397727
0.386914
0.395045
0.709603
0.824921
0.369511
0.868350
0.640151
0.414488
0.551575
0.321842
0.550467
0.762386
0.514117
0.328275
0.664989
0.504208
0.486311
0.359624
0.538793
0.666009
0.396439
0.494806
0.384575
0.795251
0.855455
0.454294
0.513367
0.613432
0.343213
0.466605
0.474953
0.380386
0.361379
0.383125
0.502431
0.511854
0.348232
0.382465
0.436716
0.418636
0.487070
0.541253
0.593288
0.421847
0.776308
0.682739
0.334065
0.479102
0.471488
0.357014
0.478893
0.637794
0.378376
0.346175
0.432962
0.531462
0.364421
0.393079
0.395895
0.427708
0.432860
0.679349
0.689416
0.433867
0.592864
0.802950
0.757566
0.368015
0.412614

0.329278
0.357164
0.532558
0.328065
0.487779
0.820761
0.425841
0.492859
0.801987
0.619737
0.861459
0.472291
0.580365
0.511395
0.797836
0.342821
0.770516
0.898634
0.415691
0.356270
0.382945
0.450376
0.550094
0.529614
0.396330
0.603491
0.437421
0.645244
0.448715
0.399746
0.472765
0.548902
0.711291
0.388076
0.508543
0.471585
0.639500
0.496924
0.853423
0.391717
0.428757
0.522953
0.456500
0.488116
0.490993
0.324525
0.374801
0.339775
0.704326
0.419178
0.420128
0.420150
0.603882
0.745725
0.350301
0.402891
0.714223
0.697053
0.342783
0.406006
0.331043
0.622840
0.440768
0.323789
0.356103
0.333478
0.328311
0.415333
0.389005
0.416862
0.434842
0.648175
0.505797
0.722027
0.421335
0.404885
0.385028
0.687357
0.610401
0.611770
0.774246
0.462965
0.610074
0.378835
0.384183
0.793168
0.817661
0.435095
0.726524
0.479631
0.547393
0.591062
0.662671
0.343598
0.355794
0.626847
0.369943
0.706222
0.516858
0.711050

0.542344
0.361360
0.639279
0.733935
0.631436
0.377462
0.339288
0.365053
0.464772
0.358606
0.677945
0.504298
0.405214
0.663795
0.436021
0.740058
0.363189
0.843975
0.838830
0.807452
0.618558
0.346375
0.520489
0.444342
0.460224
0.575823
0.412211
0.518528
0.589685
0.447780
0.345398
0.829457
0.771030
0.545396
0.406191
0.422766
0.335906
0.417288
0.700069
0.455386
0.790170
0.446321
0.324458
0.505593
0.531565
0.391274
0.617638
0.723685
0.430607
0.514906
0.533107
0.422718
0.359686
0.668018
0.391355
0.623495
0.637795
0.655310
0.818464
0.411455
0.694752
0.505415
0.533744
0.382661
0.334981
0.437771
0.613982
0.415359
0.485752
0.352975
0.367764
0.350435
0.619443
0.751262
0.337078
0.447380
0.375090
0.507680
0.331419
0.366590
0.502522
0.557248
0.794933
0.600079
0.498695
0.618173
0.616260
0.353969
0.851963
0.485480
0.516130
0.484711
0.474840
0.664292
0.377646
0.401758
0.405868
0.453399
0.680706
0.762617

0.398202
0.543358
0.406748
0.377747
0.389297
0.425328
0.536908
0.669481
0.357659
0.713599
0.377132
0.452113
0.586358
0.550625
0.636915
0.812410
0.453169
0.697217
0.381780
0.711983
0.428981
0.559905
0.398858
0.506857
0.566309
0.532385
0.689611
0.408235
0.838779
0.478233
0.401829
0.563242
0.542165
0.427327
0.330899
0.437214
0.547176
0.438900
0.415331
0.842937
0.643299
0.744298
0.356250
0.744619
0.381224
0.386538
0.405718
0.401434
0.574507
0.537933
0.815291
0.463946
0.512400
0.493332
0.500926
0.447862
0.480099
0.806685
0.848590
0.548559
0.603349
0.410456
0.559372
0.609117
0.421759
0.339976
0.333269
0.386563
0.449091
0.471852
0.380696
0.403137
0.408861
0.521024
0.833654
0.604867
0.445781
0.666909
0.370156
0.768203
0.402171
0.464442
0.358222
0.415392
0.323389
0.361295
0.714831
0.747378
0.688742
0.836406
0.453332
0.436352
0.477572
0.388457
0.606607
0.766914
0.430672
0.327570
0.378780
0.559618

0.348978
0.329626
0.363110
0.432369
0.596442
0.543334
0.669617
0.694323
0.442428
0.416161
0.498196
0.504890
0.817975
0.449565
0.446519
0.691919
0.589649
0.370950
0.534537
0.458551
0.679505
0.605169
0.450754
0.368030
0.336496
0.369181
0.621272
0.481606
0.875706
0.371033
0.438244
0.589008
0.392301
0.673875
0.415095
0.562553
0.401643
0.781976
0.707807
0.864618
0.590531
0.461094
0.333241
0.643060
0.320209
0.339362
0.650793
0.672820
0.755148
0.775069
0.633912
0.695263
0.521926
0.439980
0.406719
0.664291
0.329240
0.362476
0.568472
0.835317
0.494777
0.841479
0.601437
0.671684
0.391970
0.342943
0.434662
0.396899
0.349145
0.343614
0.356867
0.551745
0.368602
0.374064
0.765557
0.344022
0.381775
0.478345
0.355871
0.586637
0.393739
0.319604
0.391087
0.850874
0.731547
0.677366
0.372853
0.444913
0.499152
0.342259
0.668350
0.576111
0.356835
0.516177
0.625965
0.412029
0.389699
0.495579
0.758770
0.498949

0.584653
0.386852
0.336488
0.374872
0.825619
0.879516
0.475418
0.398459
0.566867
0.362970
0.446127
0.767543
0.540942
0.599429
0.843600
0.427472
0.355003
0.854881
0.912322
0.593879
0.349420
0.432828
0.722610
0.483675
0.358583
0.464227
0.535425
0.523016
0.526765
0.470950
0.646578
0.341938
0.474063
0.334355
0.333055
0.319213
0.462705
0.349482
0.822643
0.751532
0.442261
0.456401
0.347365
0.321210
0.318129
0.339813
0.676525
0.470478
0.535915
0.371426
0.446418
0.624629
0.349924
0.644069
0.352812
0.741053
0.382453
0.474890
0.746842
0.370362
0.399222
0.495655
0.737802
0.860955
0.380785
0.735628
0.367485
0.712228
0.391183
0.743920
0.344386
0.478431
0.477711
0.800041
0.439907
0.510873
0.796846
0.523598
0.616567
0.592495
0.826275
0.344886
0.546217
0.525130
0.491300
0.707711
0.330745
0.392045
0.455164
0.660269
0.422723
0.567925
0.338842
0.416976
0.588490
0.441841
0.358680
0.365258
0.379788
0.547474

0.555447
0.607125
0.442374
0.435363
0.332872
0.351984
0.338232
0.361562
0.452738
0.389823
0.710421
0.477832
0.442078
0.383029
0.767649
0.665035
0.340022
0.639736
0.592901
0.662836
0.357582
0.339478
0.865987
0.779190
0.406028
0.418806
0.519269
0.355057
0.783296
0.489368
0.502603
0.496614
0.433706
0.317325
0.330788
0.324012
0.499032
0.563821
0.637432
0.410707
0.325027
0.539265
0.460771
0.367855
0.381553
0.360982
0.862463
0.629581
0.532957
0.464066
0.770423
0.372533
0.341323
0.452246
0.404036
0.418209
0.682922
0.339546
0.529584
0.386530
0.344336
0.431718
0.646281
0.495901
0.600470
0.393167
0.447486
0.425528
0.507898
0.512572
0.475394
0.376605
0.384047
0.350293
0.527409
0.518442
0.534457
0.862702
0.537453
0.441983
0.353958
0.386906
0.483260
0.601666
0.538359
0.821722
0.641870
0.382277
0.715972
0.719524
0.360668
0.701520
0.541605
0.514908
0.667724
0.548717
0.427926
0.470535
0.353867
0.496867

0.880786
0.451465
0.342351
0.465972
0.467152
0.683185
0.583414
0.386948
0.495772
0.350672
0.410463
0.372024
0.481965
0.497301
0.708743
0.645209
0.338603
0.362008
0.499988
0.512447
0.348020
0.369744
0.450202
0.469052
0.412613
0.470290
0.480823
0.646035
0.525002
0.578889
0.470831
0.381910
0.551897
0.323703
0.372338
0.340603
0.422591
0.344734
0.431648
0.374752
0.395493
0.803032
0.872258
0.699152
0.681582
0.659293
0.581987
0.386056
0.548908
0.484070
0.861640
0.352176
0.599131
0.440326
0.711105
0.652179
0.410458
0.467593
0.473739
0.758339
0.576143
0.374905
0.485398
0.663484
0.529660
0.513148
0.626505
0.324375
0.358845
0.309628
0.331596
0.393543
0.440458
0.402166
0.338326
0.567398
0.526434
0.683393
0.551635
0.435974
0.425933
0.368789
0.376553
0.539230
0.484166
0.600952
0.599299
0.645302
0.551806
0.449356
0.684953
0.887828
0.498903
0.398175
0.483084
0.563717
0.496323
0.375633
0.450444
0.758955

0.898194
0.753687
0.396564
0.472340
0.774440
0.519234
0.632487
0.514914
0.373693
0.365053
0.481847
0.341886
0.392523
0.538794
0.698778
0.379246
0.645932
0.856557
0.728690
0.469536
0.772956
0.773955
0.471315
0.472161
0.518382
0.512499
0.674792
0.346940
0.468875
0.463374
0.405971
0.343170
0.397340
0.383006
0.386755
0.506831
0.638689
0.613701
0.351840
0.419532
0.565639
0.734227
0.443174
0.696472
0.619467
0.380607
0.404188
0.567258
0.735937
0.447733
0.423025
0.476375
0.839151
0.459316
0.577450
0.330930
0.351087
0.722794
0.594664
0.363300
0.623629
0.475541
0.800821
0.400868
0.690459
0.383917
0.799965
0.737435
0.395328
0.746079
0.359156
0.339841
0.687595
0.417242
0.479784
0.512867
0.387289
0.751394
0.436539
0.441876
0.681476
0.791178
0.807364
0.479866
0.711470
0.564750
0.739158
0.346911
0.552468
0.534102
0.366197
0.349080
0.590570
0.523665
0.347331
0.510198
0.498439
0.385910
0.415162
0.465835

0.407437
0.340751
0.819111
0.462425
0.534090
0.439982
0.706029
0.353735
0.603725
0.554971
0.359438
0.539346
0.400150
0.346286
0.751854
0.652069
0.797101
0.528100
0.563198
0.611240
0.371706
0.460692
0.433117
0.414094
0.719054
0.403859
0.607737
0.847242
0.703051
0.604353
0.340165
0.376335
0.369297
0.829369
0.478208
0.772848
0.419846
0.498720
0.449791
0.419504
0.551167
0.512843
0.579779
0.841409
0.385596
0.571891
0.750484
0.851771
0.407397
0.386150
0.341716
0.343777
0.808878
0.678139
0.440167
0.422419
0.444829
0.694707
0.366828
0.829914
0.500013
0.607455
0.391146
0.453319
0.331240
0.634376
0.376771
0.643570
0.478945
0.581234
0.420904
0.609102
0.428695
0.361636
0.338452
0.417779
0.481252
0.588161
0.355367
0.782336
0.758346
0.463375
0.368483
0.803354
0.410051
0.784573
0.524184
0.355092
0.493401
0.756913
0.424856
0.408635
0.386958
0.424754
0.525609
0.468693
0.462004
0.334775
0.384928
0.340796

0.329160
0.443292
0.382964
0.538383
0.403300
0.547517
0.515948
0.344152
0.420449
0.416025
0.791495
0.716618
0.539149
0.502851
0.730031
0.353204
0.475892
0.411680
0.389506
0.742136
0.371501
0.370281
0.410793
0.507889
0.399939
0.344332
0.480082
0.418595
0.717015
0.830362
0.425955
0.535146
0.347750
0.426058
0.644166
0.460839
0.336792
0.819660
0.619765
0.555053
0.767126
0.618171
0.771367
0.435437
0.737375
0.470637
0.395912
0.713818
0.379475
0.431707
0.438303
0.386713
0.435928
0.696641
0.386023
0.413245
0.571319
0.661744
0.743665
0.681885
0.362612
0.426242
0.380629
0.783168
0.505245
0.469640
0.579824
0.334049
0.388075
0.516905
0.582320
0.540611
0.598158
0.395720
0.490490
0.538353
0.634386
0.596320
0.515522
0.683558
0.392242
0.679220
0.341118
0.447777
0.441285
0.622026
0.522926
0.548464
0.662118
0.532499
0.443121
0.451656
0.345313
0.440394
0.446131
0.851751
0.505881
0.720832
0.439147
0.693236

0.333791
0.475105
0.451799
0.517841
0.335682
0.431590
0.389068
0.645119
0.472673
0.454849
0.427261
0.387400
0.667307
0.431350
0.371823
0.439912
0.618165
0.492447
0.464431
0.357854
0.324107
0.372111
0.561877
0.604784
0.549649
0.554123
0.393822
0.450357
0.581684
0.428912
0.494584
0.671070
0.467203
0.555243
0.348622
0.540252
0.366698
0.805593
0.390916
0.531120
0.526915
0.421744
0.763680
0.835515
0.839455
0.488764
0.390167
0.366442
0.482198
0.366390
0.409899
0.418460
0.424426
0.520494
0.735050
0.388758
0.786817
0.881971
0.429532
0.332404
0.595454
0.428831
0.553739
0.370994
0.407535
0.368869
0.565507
0.358996
0.351565
0.407220
0.446406
0.339718
0.410763
0.451413
0.496547
0.333449
0.379149
0.611980
0.410371
0.563603
0.740761
0.585587
0.709789
0.399793
0.510768
0.515937
0.367334
0.484656
0.566281
0.356872
0.329375
0.330319
0.526448
0.421239
0.411878
0.808639
0.446977
0.561893
0.557254
0.668353

0.360557
0.595593
0.435906
0.353002
0.487170
0.719468
0.374204
0.586077
0.620366
0.475497
0.424220
0.435663
0.360534
0.452971
0.822446
0.437231
0.486447
0.571917
0.426083
0.460696
0.417934
0.380688
0.449346
0.509552
0.469652
0.706265
0.422580
0.352991
0.533114
0.419172
0.715791
0.395514
0.396951
0.532042
0.442628
0.339844
0.691199
0.416817
0.747363
0.383910
0.478532
0.458690
0.477288
0.420861
0.445519
0.375474
0.463234
0.572847
0.660479
0.375786
0.600923
0.561067
0.392092
0.479073
0.805147
0.676069
0.407189
0.500314
0.391362
0.578342
0.515736
0.666862
0.427883
0.550463
0.396894
0.329520
0.871623
0.617013
0.485415
0.377594
0.460628
0.423200
0.483753
0.373705
0.392730
0.354366
0.510531
0.346713
0.419991
0.814694
0.908878
0.489051
0.371273
0.609812
0.800718
0.379474
0.427903
0.560241
0.441363
0.466151
0.339074
0.439849
0.490102
0.320159
0.324495
0.808115
0.431736
0.740585
0.395271
0.425475

0.394211
0.625536
0.351443
0.374315
0.360778
0.470733
0.677387
0.505753
0.463633
0.488348
0.419116
0.423503
0.363272
0.433464
0.456840
0.334207
0.353617
0.596764
0.731727
0.352028
0.824152
0.411263
0.442695
0.382996
0.568064
0.374727
0.341254
0.361770
0.468967
0.596590
0.340356
0.388870
0.387750
0.399939
0.676390
0.528267
0.645072
0.392824
0.367244
0.660537
0.646604
0.793575
0.815517
0.522728
0.537847
0.532823
0.434588
0.722702
0.777193
0.859149
0.380034
0.647456
0.434467
0.365131
0.330392
0.456003
0.697826
0.849264
0.863607
0.401270
0.498278
0.419947
0.647287
0.408694
0.437350
0.755199
0.914610
0.775128
0.468208
0.832668
0.468211
0.349101
0.572125
0.520595
0.373859
0.459108
0.446748
0.753510
0.588782
0.564638
0.554269
0.725053
0.375969
0.572075
0.419098
0.341440
0.641544
0.643062
0.424632
0.467620
0.358867
0.467663
0.339049
0.449940
0.339054
0.385785
0.723893
0.493744
0.427172
0.354171

0.797871
0.488933
0.371061
0.511991
0.350741
0.593739
0.334321
0.737729
0.388893
0.568127
0.362148
0.512652
0.345857
0.334257
0.793645
0.819083
0.586039
0.636080
0.545026
0.610554
0.527343
0.414782
0.353947
0.657576
0.683969
0.613454
0.407813
0.371713
0.498204
0.411338
0.337479
0.572249
0.411341
0.356690
0.487839
0.612189
0.619009
0.846846
0.385689
0.407202
0.474292
0.413941
0.671700
0.852243
0.370118
0.613611
0.422767
0.418165
0.791546
0.716433
0.335468
0.542545
0.458558
0.533241
0.473636
0.511160
0.468306
0.409005
0.745661
0.583608
0.339315
0.316943
0.391337
0.690484
0.371630
0.662882
0.473721
0.375250
0.437464
0.382838
0.337319
0.455513
0.374393
0.403056
0.686377
0.439261
0.461448
0.401998
0.446222
0.851721
0.671432
0.439882
0.541955
0.415890
0.487328
0.543482
0.351538
0.416760
0.754577
0.335526
0.489021
0.316983
0.323672
0.328877
0.411484
0.646183
0.586666
0.545290
0.422024
0.407374

0.854207
0.631498
0.487634
0.909996
0.783930
0.549730
0.609215
0.519353
0.349911
0.754458
0.327415
0.353809
0.356036
0.460363
0.392801
0.463918
0.364325
0.486028
0.783036
0.475730
0.808247
0.343949
0.432657
0.633849
0.424035
0.561493
0.547773
0.372602
0.561890
0.615366
0.510718
0.405440
0.387946
0.387357
0.493628
0.624940
0.598763
0.427477
0.324736
0.557555
0.655587
0.453757
0.542411
0.440777
0.376375
0.359250
0.510288
0.649422
0.397179
0.521202
0.355838
0.582371
0.460007
0.522211
0.401348
0.343721
0.327753
0.348983
0.411618
0.378780
0.786365
0.329429
0.451479
0.559511
0.508782
0.433909
0.522415
0.575174
0.389669
0.641659
0.378406
0.587487
0.437730
0.368238
0.482186
0.447385
0.410067
0.336487
0.347124
0.486440
0.577300
0.406934
0.794962
0.491357
0.339636
0.347447
0.326283
0.737783
0.515072
0.308389
0.318477
0.429016
0.779425
0.851735
0.647746
0.528694
0.378514
0.358237
0.545850
0.759857

0.541775
0.386767
0.436525
0.789380
0.383972
0.620020
0.514943
0.377276
0.415554
0.360689
0.509830
0.459777
0.595905
0.597116
0.552316
0.698841
0.723386
0.397908
0.417992
0.436888
0.388116
0.549040
0.567110
0.377346
0.365028
0.582867
0.420305
0.462671
0.417338
0.385267
0.383760
0.338349
0.504640
0.541617
0.666725
0.334378
0.415505
0.548536
0.342087
0.694239
0.471061
0.811522
0.849981
0.710485
0.543288
0.358124
0.347899
0.587829
0.464451
0.529231
0.540580
0.355066
0.599066
0.603122
0.846388
0.363101
0.457512
0.485095
0.661841
0.663797
0.376457
0.354640
0.419532
0.346235
0.471455
0.727473
0.438254
0.557763
0.463190
0.651532
0.821337
0.364657
0.463908
0.626659
0.358645
0.411225
0.835602
0.354257
0.713567
0.612355
0.453140
0.505533
0.849447
0.712461
0.783116
0.610800
0.538192
0.434189
0.322805
0.432223
0.721553
0.370987
0.434781
0.345420
0.590532
0.508464
0.807171
0.389423
0.419805
0.590356

