0.000000
0.000000
0.000000
0.000000
0.000000
0.000000
0.000000
0.000000
0.000000
0.000000
0.000000
0.000000
0.000000
0.000000
0.000000
0.000000
0.000000
0.000000
0.000000
0.000000
0.000000
0.000000
0.000000
0.000000
0.000000
0.000000
0.000000
0.000000
0.000000
0.000000
0.000000
0.000000
0.000000
0.000000
0.000000
0.000000
0.000000
0.000000
0.000000
0.000000
0.000000
0.000000
0.000000
0.000000
0.000000
0.000000
0.000000
0.000000
0.000000
0.000000
0.000000
0.000000
0.000000
0.000000
0.000000
0.000000
0.000000
0.000000
0.000000
0.000000
0.000000
0.000000
0.000000
0.000000
0.000000
0.000000
0.000000
0.000000
0.000000
0.000000
0.000000
0.000000
0.000000
0.000000
0.000000
0.000000
0.000000
0.000000
0.000000
0.000000

0.000000
0.005879
0.010282
0.013791
0.016686
0.019168
0.021285
0.023288
0.024995
0.026473
0.027831
0.029000
0.030021
0.030818
0.031511
0.032300
0.033050
0.033723
0.034288
0.034877
0.035391
0.035828
0.036323
0.036677
0.037149
0.037513
0.037793
0.037985
0.038212
0.038356
0.038551
0.038701
0.038999
0.039211
0.039258
0.039292
0.039265
0.039306
0.039198
0.039199
0.039136
0.039097
0.039056
0.038996
0.038936
0.038918
0.038892
0.038750
0.038684
0.038541
0.038270
0.038038
0.037717
0.037347
0.037154
0.036796
0.036430
0.036172
0.035825
0.035446
0.035018
0.034561
0.034018
0.033360
0.032722
0.031954
0.031062
0.030063
0.029049
0.027798
0.026414
0.024961
0.023332
0.021416
0.019207
0.016671
0.013755
0.010231
0.005857
0.000000

0.000000
0.010284
0.018515
0.025250
0.030836
0.035751
0.039994
0.043934
0.047324
0.050372
0.053021
0.055282
0.057321
0.059042
0.060420
0.062044
0.063414
0.064873
0.066020
0.067223
0.068190
0.069142
0.069964
0.070648
0.071459
0.072194
0.072752
0.073038
0.073588
0.073930
0.074431
0.074826
0.075301
0.075644
0.075775
0.075808
0.075914
0.075812
0.075538
0.075544
0.075427
0.075300
0.075201
0.075042
0.075148
0.075122
0.074967
0.074694
0.074555
0.074283
0.073806
0.073251
0.072536
0.071979
0.071528
0.070718
0.069985
0.069527
0.068775
0.068010
0.067117
0.066311
0.065294
0.064151
0.062852
0.061298
0.059547
0.057551
0.055403
0.052898
0.050257
0.047419
0.044112
0.040197
0.035858
0.030943
0.025185
0.018432
0.010248
0.000000

0.000000
0.013800
0.025299
0.034955
0.043087
0.050256
0.056438
0.062251
0.067338
0.071766
0.075653
0.079169
0.082056
0.084666
0.086886
0.089153
0.091266
0.093410
0.095114
0.096897
0.098232
0.099788
0.100900
0.101954
0.103013
0.104120
0.105033
0.105504
0.106235
0.106946
0.107679
0.108457
0.109027
0.109349
0.109600
0.109769
0.109841
0.109544
0.109304
0.109275
0.109152
0.108826
0.108596
0.108719
0.108572
0.108803
0.108589
0.108288
0.107620
0.107308
0.106526
0.105764
0.105046
0.104238
0.103313
0.102226
0.101012
0.100275
0.099158
0.098192
0.096675
0.095474
0.093924
0.092284
0.090310
0.087887
0.085453
0.082689
0.079496
0.075822
0.071819
0.067462
0.062552
0.056861
0.050346
0.043178
0.034846
0.025235
0.013754
0.000000

0.000000
0.016730
0.030976
0.043269
0.053806
0.062879
0.070926
0.078430
0.085095
0.091013
0.096199
0.100777
0.104701
0.108094
0.111434
0.114559
0.117272
0.119844
0.122046
0.124560
0.126491
0.128080
0.129444
0.131144
0.132498
0.133834
0.134847
0.135888
0.136621
0.137560
0.138575
0.139379
0.140053
0.140592
0.140974
0.141252
0.141192
0.140500
0.140228
0.140415
0.140389
0.140107
0.139712
0.140027
0.140205
0.139985
0.139904
0.139373
0.138690
0.138183
0.137376
0.136641
0.135579
0.134093
0.132644
0.131229
0.129962
0.128755
0.127269
0.126071
0.124246
0.122257
0.120106
0.117849
0.115433
0.112592
0.109186
0.105322
0.101165
0.096506
0.091149
0.085410
0.078875
0.071494
0.063151
0.053994
0.043270
0.031029
0.016708
0.000000

0.000000
0.019227
0.035904
0.050435
0.063048
0.073928
0.083872
0.092586
0.100701
0.108082
0.114473
0.120088
0.124951
0.129272
0.133263
0.137435
0.140883
0.143844
0.147167
0.149920
0.152478
0.154685
0.156543
0.158243
0.159879
0.161125
0.162491
0.163635
0.165109
0.166062
0.166926
0.167659
0.168336
0.169050
0.169550
0.170161
0.170232
0.169878
0.169457
0.168950
0.168989
0.169005
0.168879
0.169200
0.169388
0.168881
0.168720
0.167899
0.167176
0.166595
0.166019
0.165038
0.163799
0.162065
0.159878
0.158472
0.156570
0.155383
0.153450
0.151745
0.149503
0.146904
0.144600
0.141537
0.138245
0.134913
0.130798
0.126052
0.120758
0.114946
0.108217
0.101207
0.093162
0.084521
0.074655
0.063449
0.050614
0.035952
0.019230
0.000000

0.000000
0.021328
0.040057
0.056576
0.071142
0.083892
0.095110
0.105334
0.114781
0.123481
0.130746
0.137230
0.143048
0.148636
0.153435
0.158173
0.162594
0.166360
0.169941
0.173092
0.175964
0.178747
0.181269
0.183411
0.185190
0.186745
0.188493
0.189860
0.191172
0.191778
0.192485
0.193897
0.194811
0.195169
0.195872
0.196781
0.197088
0.196397
0.196186
0.196093
0.196332
0.196068
0.195591
0.196364
0.196319
0.195348
0.195294
0.194828
0.193859
0.193108
0.192145
0.190769
0.189733
0.187731
0.185430
0.183840
0.181476
0.180000
0.177363
0.175124
0.173010
0.169693
0.166906
0.163275
0.159330
0.155077
0.150148
0.144614
0.138166
0.131369
0.123784
0.115103
0.105844
0.095987
0.084625
0.071588
0.056970
0.040219
0.021373
0.000000

0.000000
0.023082
0.043602
0.061751
0.078120
0.092480
0.105494
0.116893
0.127433
0.137368
0.145972
0.153541
0.160444
0.166786
0.172222
0.177423
0.182097
0.186168
0.190449
0.194295
0.197618
0.200661
0.203425
0.206087
0.208296
0.210360
0.212256
0.213683
0.214999
0.216239
0.217064
0.217905
0.219253
0.220025
0.220769
0.221106
0.222022
0.222113
0.221961
0.221759
0.221666
0.221189
0.220730
0.221418
0.221233
0.220204
0.219823
0.219442
0.218449
0.217469
0.216315
0.215112
0.213795
0.211961
0.209771
0.207422
0.204788
0.202854
0.199871
0.197550
0.194792
0.191275
0.187106
0.182567
0.177931
0.172971
0.167417
0.161307
0.153873
0.146362
0.137829
0.128257
0.117468
0.106103
0.093425
0.078902
0.062510
0.044085
0.023331
0.000000

0.000000
0.024699
0.046753
0.066363
0.084170
0.100442
0.114864
0.127743
0.139402
0.149704
0.159555
0.168432
0.176320
0.183233
0.189477
0.195322
0.200504
0.204946
0.209682
0.213670
0.216689
0.220225
0.222830
0.226268
0.229115
0.231639
0.233589
0.234730
0.236817
0.238351
0.239586
0.240674
0.241865
0.242672
0.243799
0.244353
0.245055
0.245367
0.245501
0.245454
0.245274
0.244692
0.244828
0.244878
0.244369
0.243185
0.242296
0.241750
0.240402
0.239062
0.238411
0.237179
0.235483
0.233759
0.231323
0.229002
0.226278
0.223888
0.221212
0.217704
0.214485
0.210593
0.205740
0.200206
0.195485
0.189813
0.183287
0.176395
0.168329
0.159731
0.150003
0.139955
0.128334
0.115343
0.101137
0.085161
0.067135
0.047331
0.024994
0.000000

0.000000
0.026125
0.049545
0.070538
0.089971
0.107361
0.122842
0.136871
0.149818
0.161635
0.172508
0.182128
0.190647
0.197926
0.204445
0.211004
0.217050
0.222484
0.227179
0.231129
0.235019
0.238580
0.241177
0.244138
0.247680
0.250888
0.253002
0.254639
0.257040
0.258876
0.259830
0.261417
0.262602
0.263130
0.264467
0.264673
0.265533
0.265859
0.266580
0.266337
0.266612
0.266441
0.266278
0.266095
0.265230
0.263921
0.262278
0.261972
0.260123
0.259033
0.258669
0.257723
0.255980
0.253879
0.251660
0.249407
0.246585
0.243291
0.240438
0.236569
0.232794
0.228477
0.222607
0.216655
0.211223
0.204991
0.197882
0.189725
0.181000
0.171721
0.161452
0.150447
0.138032
0.123915
0.108251
0.090881
0.071412
0.050186
0.026465
0.000000

0.000000
0.027381
0.052026
0.074316
0.094866
0.113398
0.129793
0.145153
0.158895
0.172139
0.183802
0.194186
0.203264
0.210860
0.217559
0.224622
0.231402
0.237823
0.242815
0.247927
0.251504
0.255317
0.258180
0.261909
0.264813
0.268694
0.270995
0.272897
0.274918
0.277386
0.278557
0.279781
0.281308
0.281808
0.283687
0.284779
0.285401
0.285392
0.286083
0.285494
0.285741
0.286643
0.286350
0.285593
0.284554
0.282863
0.281503
0.280959
0.279448
0.277852
0.277442
0.276124
0.273895
0.272583
0.270511
0.267716
0.264769
0.261150
0.257953
0.254036
0.249929
0.244964
0.238870
0.231689
0.224897
0.218102
0.211059
0.202564
0.193578
0.183476
0.172029
0.159903
0.146483
0.131088
0.114280
0.095750
0.075322
0.052772
0.027760
0.000000

0.000000
0.028425
0.054253
0.077641
0.099033
0.118686
0.136033
0.152212
0.167327
0.181296
0.193426
0.204659
0.214489
0.223002
0.230369
0.237960
0.245069
0.252018
0.258069
0.263323
0.267471
0.270691
0.274601
0.278453
0.281193
0.285138
0.288329
0.290723
0.292222
0.294570
0.295964
0.297351
0.298134
0.299051
0.301099
0.302663
0.303062
0.304063
0.304331
0.304397
0.304545
0.305187
0.304048
0.303268
0.302393
0.301417
0.300163
0.298997
0.298143
0.296361
0.294446
0.292651
0.291142
0.290189
0.287600
0.284027
0.281396
0.278265
0.274512
0.270116
0.264979
0.259693
0.253298
0.246232
0.238805
0.230957
0.222801
0.214311
0.204361
0.193818
0.181466
0.168857
0.154200
0.137683
0.120252
0.100836
0.079082
0.055372
0.029067
0.000000

0.000000
0.029515
0.056354
0.080806
0.103122
0.123473
0.141879
0.158412
0.174687
0.189377
0.202491
0.213822
0.224170
0.233895
0.242342
0.250210
0.257957
0.264470
0.271515
0.277180
0.281667
0.284733
0.289443
0.293487
0.296412
0.300547
0.304437
0.306564
0.309250
0.311037
0.312443
0.312857
0.314709
0.315755
0.318084
0.319206
0.319753
0.320527
0.321164
0.321289
0.322220
0.322564
0.321480
0.321216
0.319457
0.318454
0.317280
0.316735
0.315269
0.313228
0.312096
0.309784
0.308568
0.306499
0.303183
0.299828
0.296867
0.293338
0.288788
0.284090
0.278243
0.272670
0.266201
0.259115
0.252014
0.243272
0.234440
0.225021
0.214475
0.203315
0.190792
0.176970
0.160892
0.144096
0.125765
0.105310
0.082592
0.057639
0.030196
0.000000

0.000000
0.030466
0.058190
0.083384
0.106460
0.127635
0.146650
0.164024
0.180688
0.196576
0.210401
0.222320
0.232752
0.243190
0.252837
0.261268
0.269140
0.276162
0.283537
0.289267
0.294351
0.298195
0.302054
0.306956
0.310849
0.315657
0.319427
0.321990
0.324450
0.326176
0.327125
0.328143
0.330049
0.331839
0.333381
0.333638
0.334033
0.334458
0.335730
0.336533
0.337681
0.338430
0.338288
0.337720
0.336326
0.335505
0.333628
0.332863
0.331455
0.329727
0.328037
0.326042
0.324464
0.321115
0.317385
0.314027
0.310054
0.306510
0.301615
0.296265
0.290329
0.284629
0.277986
0.271106
0.263915
0.254967
0.245602
0.235340
0.223950
0.212492
0.198998
0.184424
0.167572
0.149775
0.130650
0.109098
0.085599
0.059700
0.031180
0.000000

0.000000
0.031316
0.059880
0.085859
0.109936
0.131790
0.151267
0.169378
0.186931
0.203113
0.217300
0.229745
0.240565
0.251245
0.261747
0.270917
0.279416
0.287077
0.294384
0.299876
0.305330
0.309330
0.313958
0.319574
0.324279
0.328945
0.332696
0.335424
0.338162
0.339148
0.340362
0.342055
0.344027
0.345559
0.347072
0.348029
0.348513
0.348549
0.348986
0.349832
0.350764
0.352433
0.352699
0.352197
0.351287
0.350779
0.348380
0.347107
0.345800
0.343238
0.341704
0.340940
0.339181
0.336002
0.332575
0.328715
0.324179
0.318869
0.313654
0.308188
0.301482
0.295140
0.289257
0.282547
0.274834
0.265764
0.255831
0.245106
0.233096
0.220767
0.206803
0.191207
0.173989
0.155395
0.135016
0.112627
0.088278
0.061469
0.032115
0.000000

0.000000
0.032075
0.061290
0.088137
0.113082
0.135386
0.155523
0.174427
0.192460
0.208718
0.223361
0.236245
0.248008
0.259699
0.270023
0.279438
0.287834
0.296333
0.304171
0.310179
0.314997
0.320147
0.326159
0.331607
0.336313
0.340281
0.344930
0.348169
0.350685
0.352460
0.354014
0.355642
0.356403
0.358840
0.359918
0.360141
0.361105
0.361896
0.362459
0.363828
0.364596
0.365459
0.366077
0.366259
0.365036
0.365028
0.363092
0.360750
0.358500
0.356686
0.355477
0.354765
0.352483
0.349687
0.346158
0.341953
0.336947
0.330769
0.325721
0.319176
0.312865
0.306255
0.298918
0.292117
0.284174
0.274521
0.263959
0.253317
0.241183
0.227977
0.213364
0.197358
0.179349
0.160353
0.139286
0.115887
0.090666
0.062958
0.032904
0.000000

0.000000
0.032784
0.062755
0.090516
0.115989
0.139055
0.160010
0.179622
0.197319
0.214164
0.228552
0.242381
0.255726
0.267361
0.277436
0.287499
0.297121
0.305858
0.313458
0.319331
0.325611
0.331306
0.336172
0.341851
0.346631
0.350530
0.355868
0.359308
0.361879
0.363910
0.365797
0.367174
0.368530
0.370943
0.372427
0.372652
0.373375
0.373617
0.375042
0.376933
0.377823
0.378365
0.379062
0.378804
0.378583
0.378260
0.376618
0.374685
0.372468
0.369406
0.368604
0.367252
0.364519
0.361696
0.357947
0.353456
0.347998
0.342444
0.336349
0.329947
0.322574
0.315474
0.308847
0.300611
0.292386
0.281961
0.271633
0.260498
0.247412
0.234486
0.219230
0.202974
0.184365
0.164792
0.143077
0.119005
0.092593
0.064300
0.033600
0.000000

0.000000
0.033374
0.064081
0.092418
0.118432
0.142044
0.163967
0.184184
0.202625
0.219449
0.234571
0.249161
0.262284
0.273633
0.284393
0.294350
0.304463
0.313716
0.321944
0.328680
0.334790
0.340699
0.345717
0.351898
0.355925
0.361348
0.365768
0.369560
0.372547
0.373687
0.375824
0.376995
0.379947
0.382458
0.383513
0.383788
0.384893
0.384657
0.385936
0.388255
0.389175
0.389409
0.390123
0.390383
0.390383
0.389929
0.387549
0.386589
0.384694
0.382166
0.379707
0.378300
0.375104
0.371955
0.368274
0.363042
0.357846
0.351843
0.345827
0.339527
0.332417
0.324313
0.317497
0.309313
0.299851
0.289374
0.278055
0.266744
0.253944
0.240399
0.224990
0.208029
0.189075
0.168424
0.146282
0.121740
0.094687
0.065789
0.034307
0.000000

0.000000
0.033902
0.064943
0.093698
0.120377
0.144775
0.166973
0.187780
0.206625
0.224298
0.240103
0.254470
0.267678
0.280127
0.290922
0.300749
0.311353
0.320048
0.329346
0.336148
0.342476
0.348790
0.354528
0.361151
0.365871
0.370245
0.374187
0.378874
0.382125
0.383588
0.385621
0.386785
0.388965
0.392611
0.394364
0.395410
0.396029
0.396451
0.397831
0.398298
0.399782
0.399707
0.399655
0.400098
0.400890
0.400726
0.398859
0.396746
0.395209
0.393247
0.390610
0.388193
0.384982
0.381770
0.377203
0.371206
0.365629
0.359322
0.353501
0.346967
0.340347
0.332810
0.324894
0.316378
0.306512
0.295829
0.285192
0.273195
0.259455
0.245397
0.229383
0.212159
0.192532
0.172005
0.149250
0.124207
0.096871
0.067146
0.034956
0.000000

0.000000
0.034367
0.065888
0.094863
0.121702
0.146759
0.169744
0.191048
0.210279
0.228183
0.244125
0.259147
0.272962
0.285452
0.297255
0.307641
0.317663
0.327108
0.336364
0.343418
0.349587
0.356086
0.363393
0.369564
0.373748
0.378904
0.383232
0.387233
0.390991
0.393005
0.394641
0.395915
0.398716
0.401710
0.404174
0.405320
0.405556
0.406354
0.407690
0.408982
0.409205
0.409611
0.409198
0.409533
0.410796
0.410276
0.407710
0.406913
0.404739
0.402424
0.399955
0.396039
0.393749
0.390530
0.386153
0.380291
0.374299
0.366777
0.360551
0.353413
0.346244
0.338743
0.330695
0.322538
0.312881
0.302786
0.291074
0.278555
0.264642
0.250086
0.233654
0.215750
0.196235
0.174865
0.151911
0.126531
0.098587
0.068417
0.035503
0.000000

0.000000
0.034755
0.066716
0.096157
0.123274
0.148789
0.172180
0.193455
0.213323
0.231081
0.248024
0.262705
0.276686
0.290306
0.302091
0.313472
0.324167
0.334001
0.342921
0.350646
0.357094
0.362491
0.370449
0.377016
0.382334
0.387327
0.391475
0.395373
0.398668
0.400173
0.403009
0.405330
0.407805
0.410744
0.412695
0.413206
0.413588
0.414721
0.416967
0.418053
0.417720
0.417704
0.418837
0.419816
0.419870
0.418922
0.417308
0.415664
0.413438
0.410439
0.407842
0.404207
0.401333
0.397968
0.393697
0.388395
0.382062
0.374348
0.368246
0.361744
0.353995
0.345270
0.337492
0.328635
0.319286
0.308844
0.296654
0.283442
0.269686
0.253718
0.236782
0.219032
0.199458
0.177736
0.154245
0.128509
0.100267
0.069509
0.036090
0.000000

0.000000
0.035107
0.067514
0.097199
0.124689
0.150144
0.173928
0.195942
0.215863
0.234554
0.251419
0.266967
0.281765
0.295181
0.307023
0.318328
0.328582
0.338873
0.347729
0.356221
0.362853
0.368556
0.376095
0.382860
0.388707
0.393748
0.397070
0.402187
0.405225
0.408630
0.410730
0.412830
0.415235
0.418116
0.419752
0.419442
0.420169
0.421721
0.424718
0.426086
0.427223
0.427499
0.426874
0.428084
0.427770
0.426232
0.425790
0.423441
0.420727
0.417855
0.413817
0.411540
0.408360
0.404293
0.399520
0.394990
0.388329
0.382429
0.375749
0.368417
0.359779
0.352310
0.342983
0.334510
0.323924
0.313798
0.301391
0.288272
0.274209
0.258102
0.240271
0.221835
0.202335
0.180160
0.156307
0.130061
0.101533
0.070319
0.036515
0.000000

0.000000
0.035499
0.068111
0.098224
0.126028
0.151707
0.175849
0.198331
0.218272
0.237044
0.254886
0.270609
0.285762
0.299002
0.310554
0.322156
0.332722
0.342571
0.352506
0.361303
0.368390
0.374593
0.380725
0.387849
0.394501
0.399595
0.403302
0.408134
0.411322
0.415564
0.418808
0.420881
0.422835
0.424961
0.425829
0.426547
0.428543
0.430099
0.431782
0.433664
0.434717
0.435279
0.435488
0.435951
0.434993
0.433628
0.433340
0.431398
0.428139
0.424493
0.419953
0.417816
0.413476
0.408894
0.406109
0.401414
0.395004
0.388347
0.382404
0.374466
0.366557
0.358308
0.348567
0.339557
0.328875
0.318626
0.306441
0.292979
0.277914
0.261897
0.244111
0.225480
0.205019
0.182084
0.158180
0.131669
0.102626
0.071060
0.036831
0.000000

0.000000
0.035850
0.068945
0.099383
0.127858
0.153900
0.178587
0.200990
0.221208
0.239548
0.257526
0.273604
0.288783
0.302329
0.313858
0.324073
0.334901
0.345282
0.355519
0.365172
0.373465
0.380339
0.386199
0.392065
0.399182
0.403904
0.408513
0.414395
0.418629
0.421870
0.425179
0.428036
0.430377
0.431228
0.431338
0.432995
0.436177
0.437814
0.438273
0.439590
0.441377
0.440548
0.440934
0.442341
0.441867
0.440501
0.439615
0.437740
0.434734
0.431111
0.426472
0.423878
0.419729
0.414491
0.411724
0.407198
0.401064
0.394702
0.388143
0.380192
0.372116
0.363583
0.353473
0.343887
0.334341
0.323364
0.310123
0.297028
0.281428
0.265543
0.247383
0.228526
0.207464
0.184414
0.159813
0.132863
0.103313
0.071606
0.037180
0.000000

0.000000
0.036223
0.069652
0.100695
0.129548
0.156145
0.180844
0.203325
0.223963
0.242356
0.259115
0.275429
0.291094
0.304728
0.316304
0.327040
0.338431
0.348359
0.358715
0.368244
0.377088
0.384580
0.390239
0.397035
0.403312
0.409076
0.413446
0.419521
0.423996
0.426331
0.430211
0.433974
0.436510
0.437824
0.437868
0.440685
0.442929
0.445050
0.446212
0.446857
0.448117
0.447632
0.448066
0.448170
0.447423
0.445326
0.444098
0.442346
0.439159
0.435812
0.431798
0.428731
0.424517
0.419403
0.416154
0.411712
0.405499
0.399037
0.392620
0.383899
0.375899
0.368140
0.357887
0.348250
0.338535
0.327426
0.313920
0.300671
0.285159
0.268818
0.250428
0.230906
0.209639
0.186235
0.160901
0.133868
0.104201
0.071924
0.037342
0.000000

0.000000
0.036509
0.070392
0.101837
0.130919
0.157890
0.182629
0.205026
0.226101
0.244773
0.261544
0.277808
0.293334
0.306801
0.319190
0.330267
0.341412
0.352663
0.362505
0.372766
0.380595
0.388522
0.395645
0.401927
0.408452
0.414052
0.419261
0.424769
0.428913
0.432228
0.435741
0.439314
0.441089
0.443708
0.444814
0.446034
0.448914
0.451111
0.452115
0.453834
0.453825
0.454415
0.454398
0.453862
0.451441
0.450125
0.447370
0.445440
0.442959
0.439790
0.435742
0.431835
0.427263
0.423045
0.420066
0.415599
0.409949
0.403622
0.396944
0.389366
0.380366
0.372520
0.363507
0.353708
0.343199
0.331018
0.318710
0.304681
0.288661
0.271506
0.253669
0.233988
0.212242
0.188173
0.162298
0.134773
0.105005
0.072547
0.037662
0.000000

0.000000
0.036758
0.070711
0.102462
0.131920
0.158950
0.183829
0.206481
0.228193
0.247762
0.265182
0.281131
0.296102
0.309722
0.322727
0.333863
0.344414
0.355580
0.366463
0.376799
0.385439
0.392189
0.398968
0.406726
0.413731
0.419205
0.422943
0.428432
0.432819
0.435993
0.439919
0.443557
0.446341
0.449186
0.451463
0.453111
0.455476
0.457384
0.458981
0.459840
0.459193
0.458873
0.459611
0.458636
0.456040
0.453415
0.451040
0.449033
0.445353
0.442340
0.438506
0.434774
0.431600
0.428003
0.423611
0.417951
0.412132
0.406018
0.399757
0.394003
0.385858
0.376561
0.368090
0.357864
0.346953
0.335301
0.322291
0.307741
0.291771
0.273860
0.255891
0.236255
0.214293
0.190149
0.163981
0.135715
0.105770
0.072995
0.037870
0.000000

0.000000
0.036964
0.071277
0.103352
0.132857
0.160012
0.184736
0.207965
0.229552
0.249953
0.268335
0.284914
0.299905
0.312750
0.325808
0.337703
0.348485
0.360496
0.370366
0.381170
0.389574
0.396543
0.402761
0.409602
0.417697
0.423146
0.426709
0.432043
0.435119
0.440110
0.444610
0.448316
0.451960
0.454955
0.456596
0.458546
0.460245
0.461467
0.463634
0.464772
0.464702
0.463427
0.463595
0.462638
0.460211
0.456586
0.454079
0.451348
0.449669
0.446517
0.442709
0.439139
0.436427
0.431702
0.427890
0.421852
0.416067
0.411023
0.404572
0.398113
0.390252
0.381442
0.371529
0.360478
0.350256
0.338470
0.325516
0.310951
0.294413
0.276399
0.258236
0.238306
0.216028
0.191599
0.165577
0.137168
0.106488
0.073744
0.038242
0.000000

0.000000
0.037262
0.071907
0.103879
0.133635
0.160672
0.185619
0.209168
0.231731
0.252045
0.271052
0.287944
0.303365
0.316840
0.328908
0.341281
0.353225
0.364603
0.374806
0.385039
0.392267
0.400104
0.407586
0.413790
0.421379
0.426376
0.430643
0.435089
0.438111
0.442650
0.448362
0.452848
0.456210
0.459654
0.462340
0.464407
0.465748
0.465221
0.466868
0.468900
0.468636
0.468087
0.466153
0.465679
0.462675
0.459461
0.456734
0.455422
0.452528
0.448889
0.446057
0.442892
0.440470
0.436521
0.431595
0.426094
0.421045
0.415303
0.408250
0.401298
0.393174
0.384622
0.374464
0.363400
0.352744
0.340572
0.327484
0.313467
0.296842
0.278200
0.260067
0.239758
0.216983
0.192265
0.166616
0.138099
0.107498
0.074375
0.038572
0.000000

0.000000
0.037603
0.072436
0.104508
0.134292
0.161490
0.187412
0.211307
0.233230
0.254189
0.273139
0.290465
0.306567
0.320459
0.332630
0.345961
0.358295
0.369438
0.379606
0.389030
0.396123
0.403846
0.411978
0.418737
0.424795
0.430135
0.433551
0.437950
0.441801
0.447020
0.451259
0.455573
0.459280
0.462567
0.465991
0.468872
0.470289
0.470365
0.470344
0.472499
0.471817
0.471480
0.470518
0.468395
0.464997
0.462048
0.460576
0.458191
0.454732
0.451391
0.449953
0.446871
0.443302
0.440534
0.435916
0.430560
0.424631
0.418669
0.411415
0.402983
0.395332
0.386897
0.377675
0.367527
0.356463
0.343969
0.330802
0.315969
0.298991
0.280104
0.261402
0.241076
0.218459
0.193651
0.167620
0.138994
0.108106
0.074771
0.038774
0.000000

0.000000
0.037881
0.072930
0.105238
0.134967
0.162359
0.188671
0.212886
0.235176
0.256111
0.275267
0.293252
0.309033
0.324079
0.336926
0.349384
0.361872
0.373682
0.384082
0.393237
0.400876
0.407514
0.415917
0.422183
0.427495
0.433371
0.437447
0.442593
0.445765
0.449829
0.455222
0.458910
0.461307
0.465077
0.468374
0.471920
0.473739
0.474867
0.475182
0.475986
0.475249
0.474773
0.473594
0.471342
0.467453
0.466446
0.463517
0.461076
0.458366
0.454942
0.452841
0.450311
0.447652
0.443722
0.438039
0.433529
0.426885
0.421303
0.413508
0.405711
0.398198
0.389007
0.380374
0.369620
0.359260
0.346906
0.332840
0.317676
0.300436
0.281717
0.262262
0.241772
0.219273
0.194962
0.168705
0.139903
0.108707
0.074958
0.038869
0.000000

0.000000
0.038076
0.073266
0.105692
0.135628
0.162974
0.189348
0.213442
0.236182
0.256863
0.276526
0.295294
0.312111
0.327045
0.340218
0.353343
0.365498
0.376496
0.387669
0.396903
0.405056
0.412048
0.419225
0.424172
0.430594
0.436910
0.442544
0.446951
0.449670
0.453150
0.457981
0.460796
0.463124
0.467867
0.470972
0.473840
0.475449
0.477233
0.476654
0.478093
0.478081
0.476050
0.474806
0.473397
0.470634
0.469976
0.467433
0.465717
0.462558
0.458201
0.454877
0.453041
0.450324
0.446066
0.441062
0.435681
0.429581
0.423215
0.415609
0.408171
0.400767
0.390899
0.382472
0.372078
0.361115
0.348856
0.334330
0.319058
0.301043
0.282704
0.264151
0.243720
0.221088
0.196415
0.169437
0.140366
0.108993
0.075209
0.038991
0.000000

0.000000
0.038232
0.073520
0.105824
0.135971
0.163845
0.190213
0.214231
0.237609
0.258820
0.278089
0.296811
0.314238
0.329699
0.343431
0.356142
0.367634
0.379557
0.390418
0.399069
0.407448
0.414189
0.421814
0.427512
0.432676
0.439216
0.445942
0.450694
0.454757
0.458325
0.461287
0.463007
0.466115
0.469838
0.472793
0.475721
0.477973
0.479155
0.479665
0.479836
0.479987
0.478396
0.475343
0.474481
0.474352
0.472470
0.470459
0.468921
0.465170
0.461910
0.457777
0.454122
0.451767
0.447426
0.443226
0.438367
0.432272
0.425794
0.417238
0.410101
0.403104
0.393628
0.384605
0.373588
0.362353
0.350542
0.335693
0.320235
0.302862
0.284751
0.265314
0.244918
0.222060
0.197314
0.170096
0.140489
0.109200
0.075395
0.039038
0.000000

0.000000
0.038412
0.073980
0.106659
0.136603
0.164823
0.191462
0.215584
0.238980
0.260922
0.281058
0.299464
0.315812
0.332313
0.346624
0.359186
0.370917
0.381225
0.392488
0.401198
0.408926
0.416458
0.423997
0.430702
0.435867
0.442554
0.448454
0.453429
0.457437
0.461344
0.462886
0.465558
0.468350
0.470130
0.472995
0.477513
0.479996
0.480976
0.480272
0.480743
0.481479
0.479260
0.477451
0.477210
0.478029
0.476323
0.474930
0.472290
0.468296
0.463976
0.459561
0.456351
0.452527
0.449927
0.445768
0.440874
0.435726
0.428727
0.420395
0.412763
0.405865
0.396855
0.386058
0.375339
0.364872
0.352529
0.337990
0.321429
0.304001
0.285889
0.266132
0.245822
0.222580
0.197778
0.170195
0.140762
0.109408
0.075650
0.039245
0.000000

0.000000
0.038498
0.074384
0.107390
0.137671
0.166384
0.193282
0.217647
0.241210
0.262729
0.282812
0.301528
0.318730
0.334613
0.349171
0.361856
0.372672
0.384223
0.394903
0.404479
0.412858
0.420260
0.427886
0.434649
0.440142
0.445169
0.449912
0.456013
0.460221
0.464194
0.465626
0.468792
0.470801
0.472622
0.475148
0.478713
0.481413
0.483110
0.482700
0.482513
0.483120
0.481725
0.481760
0.481659
0.481612
0.479988
0.477697
0.474064
0.468960
0.464839
0.460102
0.456279
0.453274
0.451207
0.448565
0.443029
0.438285
0.430601
0.424181
0.415891
0.408651
0.399092
0.389306
0.378785
0.366419
0.354034
0.339503
0.323646
0.306029
0.287775
0.267753
0.246916
0.223644
0.198282
0.170612
0.140961
0.109675
0.075917
0.039340
0.000000

0.000000
0.038779
0.074755
0.107912
0.138593
0.167435
0.194727
0.219599
0.242850
0.264066
0.283134
0.302357
0.320048
0.335963
0.350939
0.363910
0.375134
0.385680
0.395522
0.406108
0.415084
0.423033
0.430674
0.437271
0.443444
0.448884
0.453279
0.459179
0.463859
0.466864
0.469117
0.470441
0.474502
0.476996
0.478780
0.481707
0.484083
0.485774
0.485928
0.484819
0.485219
0.485807
0.485284
0.484824
0.484499
0.481842
0.479065
0.474363
0.471435
0.467758
0.463010
0.458123
0.455594
0.453641
0.451333
0.446883
0.440880
0.433820
0.427421
0.419929
0.410917
0.402523
0.392398
0.381487
0.368352
0.355387
0.341374
0.325511
0.307725
0.288705
0.269083
0.247724
0.223851
0.198621
0.171110
0.141595
0.109841
0.076063
0.039468
0.000000

0.000000
0.038933
0.075083
0.108582
0.139606
0.168252
0.195644
0.220424
0.243662
0.265145
0.284260
0.303369
0.320218
0.336876
0.351798
0.364825
0.375541
0.386862
0.397148
0.407552
0.415452
0.423328
0.431615
0.437608
0.444573
0.450725
0.457310
0.462524
0.467251
0.470218
0.471273
0.473080
0.476854
0.479132
0.483016
0.485411
0.486969
0.487060
0.487926
0.488916
0.489152
0.489186
0.489167
0.488289
0.486792
0.483089
0.479516
0.475396
0.471885
0.469002
0.463965
0.460242
0.457442
0.456254
0.453753
0.449841
0.444035
0.437913
0.431211
0.423565
0.414445
0.404757
0.395012
0.383746
0.371092
0.357323
0.342450
0.326506
0.309400
0.290456
0.269956
0.248094
0.224726
0.198719
0.171062
0.141566
0.110051
0.076206
0.039533
0.000000

0.000000
0.038956
0.075259
0.108816
0.140205
0.169220
0.196329
0.221816
0.245142
0.266606
0.286374
0.304554
0.321104
0.336630
0.352262
0.365136
0.376661
0.387878
0.399210
0.408909
0.416347
0.424063
0.431900
0.440194
0.447293
0.454068
0.459920
0.465201
0.469531
0.472570
0.473756
0.475209
0.479426
0.482571
0.485854
0.487852
0.488992
0.489251
0.490543
0.490828
0.491000
0.490089
0.491317
0.491116
0.489407
0.485734
0.481104
0.477563
0.475280
0.471107
0.466398
0.464260
0.461135
0.459079
0.456687
0.452033
0.446019
0.440339
0.433308
0.425737
0.416500
0.407646
0.397397
0.385028
0.372733
0.358815
0.343850
0.327040
0.310165
0.291413
0.270804
0.248511
0.225298
0.199448
0.171509
0.142225
0.110444
0.076335
0.039559
0.000000

0.000000
0.039207
0.075626
0.109258
0.140876
0.170013
0.197347
0.222753
0.245723
0.266852
0.287128
0.304680
0.322138
0.337315
0.352738
0.365927
0.377624
0.389393
0.400020
0.409647
0.417596
0.426435
0.434431
0.441877
0.448203
0.455727
0.461552
0.465955
0.470161
0.473892
0.475089
0.477180
0.480880
0.484791
0.487676
0.488292
0.489756
0.490223
0.491504
0.491559
0.492496
0.492008
0.492208
0.492525
0.491066
0.487898
0.484122
0.480419
0.477656
0.473765
0.469950
0.467768
0.464747
0.461939
0.458992
0.454483
0.449193
0.442655
0.434615
0.427034
0.418197
0.409188
0.399009
0.387028
0.373914
0.360033
0.344494
0.327252
0.309932
0.291279
0.271345
0.249082
0.225557
0.199700
0.171987
0.142452
0.110415
0.076198
0.039477
0.000000

0.000000
0.039307
0.075885
0.109633
0.141209
0.170477
0.197624
0.223200
0.246612
0.267862
0.287684
0.306110
0.322829
0.338615
0.352513
0.365831
0.378332
0.389313
0.399557
0.409641
0.417972
0.427446
0.434937
0.442524
0.450067
0.456865
0.461902
0.465085
0.469473
0.474821
0.477161
0.480818
0.484186
0.486694
0.488881
0.489351
0.491636
0.492142
0.493128
0.492846
0.493571
0.491719
0.491388
0.492776
0.491673
0.488434
0.485804
0.481272
0.479461
0.475423
0.473083
0.469864
0.466780
0.462841
0.460575
0.456709
0.451156
0.444104
0.437124
0.428616
0.418378
0.408950
0.399628
0.387714
0.374494
0.360027
0.344073
0.327454
0.309585
0.291826
0.271599
0.249311
0.225484
0.199093
0.171518
0.142304
0.110488
0.076127
0.039510
0.000000

0.000000
0.039398
0.076027
0.110016
0.141486
0.170832
0.198149
0.223376
0.246735
0.267533
0.287895
0.306326
0.323193
0.339042
0.352777
0.365640
0.378160
0.389146
0.398599
0.408439
0.417957
0.427488
0.435628
0.442582
0.449784
0.456957
0.461507
0.465725
0.471530
0.476026
0.479548
0.482590
0.485414
0.487825
0.489421
0.490688
0.492417
0.493331
0.493553
0.492873
0.494289
0.493878
0.492878
0.492663
0.491475
0.489272
0.486506
0.483268
0.480555
0.476975
0.474160
0.469956
0.468533
0.465327
0.461208
0.457798
0.452484
0.444646
0.438227
0.429714
0.420638
0.410837
0.400065
0.387046
0.374456
0.360095
0.343876
0.327923
0.310329
0.291895
0.271127
0.249066
0.225303
0.199094
0.171246
0.142176
0.110352
0.076167
0.039538
0.000000

0.000000
0.039346
0.075921
0.109982
0.141488
0.170708
0.198021
0.222737
0.246473
0.267809
0.287976
0.306661
0.323874
0.339208
0.352421
0.365861
0.377370
0.389102
0.399136
0.408677
0.418108
0.426154
0.434805
0.441396
0.449421
0.456735
0.462605
0.467794
0.471987
0.476898
0.480474
0.482212
0.484607
0.487896
0.488644
0.491432
0.492746
0.492423
0.492435
0.493807
0.494078
0.493704
0.493114
0.491962
0.489983
0.488302
0.484976
0.483207
0.480637
0.477665
0.473716
0.470804
0.469171
0.466207
0.462830
0.458385
0.453507
0.446705
0.439289
0.429422
0.421379
0.411459
0.400211
0.388404
0.375493
0.360302
0.344604
0.327475
0.310591
0.291893
0.270988
0.248306
0.224617
0.198761
0.170901
0.141856
0.110349
0.076233
0.039543
0.000000

0.000000
0.039286
0.075734
0.109649
0.141121
0.170490
0.197730
0.223027
0.246519
0.267788
0.287739
0.306542
0.323486
0.338657
0.352690
0.365066
0.377380
0.388859
0.398220
0.408224
0.417209
0.426222
0.433681
0.440012
0.447834
0.455098
0.461485
0.468026
0.472912
0.476825
0.480301
0.483156
0.485831
0.488338
0.489385
0.490842
0.491971
0.492888
0.492746
0.493447
0.491596
0.491161
0.490960
0.489636
0.488165
0.487358
0.484810
0.483462
0.480361
0.476611
0.474442
0.471623
0.469117
0.466379
0.462927
0.458639
0.453771
0.447747
0.440027
0.430338
0.421589
0.411960
0.400829
0.387937
0.375867
0.361387
0.345417
0.328082
0.309891
0.291349
0.269985
0.247496
0.224313
0.198829
0.170795
0.141733
0.110022
0.076120
0.039471
0.000000

0.000000
0.039124
0.075377
0.108906
0.140552
0.169480
0.196630
0.222522
0.245842
0.267680
0.287701
0.305415
0.322349
0.338093
0.351678
0.364088
0.377075
0.387827
0.398757
0.408986
0.417148
0.425658
0.433615
0.439644
0.447051
0.454025
0.461327
0.467244
0.472619
0.476564
0.479560
0.481519
0.484448
0.487431
0.489152
0.490227
0.492102
0.492883
0.492222
0.492772
0.491077
0.489486
0.488870
0.489265
0.486964
0.485602
0.484024
0.483470
0.480727
0.477496
0.473903
0.471806
0.468343
0.466070
0.462284
0.458503
0.453116
0.447663
0.440257
0.430738
0.420574
0.411694
0.401097
0.388831
0.375974
0.361410
0.345987
0.329068
0.310813
0.290963
0.270020
0.246910
0.223408
0.198536
0.170938
0.141722
0.110035
0.075986
0.039413
0.000000

0.000000
0.038950
0.075002
0.108349
0.139943
0.169033
0.196490
0.222153
0.245236
0.267363
0.287601
0.305849
0.321929
0.337636
0.351380
0.364410
0.376324
0.387604
0.397853
0.408900
0.418629
0.427184
0.434798
0.440830
0.447628
0.454636
0.460665
0.464954
0.470926
0.475237
0.478528
0.480938
0.482907
0.485795
0.487937
0.489347
0.491328
0.491683
0.492333
0.491807
0.490348
0.487931
0.488690
0.488847
0.487837
0.486578
0.484601
0.482820
0.479917
0.477772
0.474902
0.470684
0.467807
0.464852
0.461007
0.457401
0.452241
0.447042
0.439756
0.431115
0.421159
0.411479
0.400405
0.388187
0.374877
0.360828
0.345240
0.328962
0.310487
0.290272
0.269349
0.247140
0.223246
0.198345
0.170907
0.141234
0.109773
0.075740
0.039252
0.000000

0.000000
0.038745
0.074803
0.108112
0.138932
0.167954
0.195770
0.221431
0.244648
0.266302
0.287070
0.305565
0.322110
0.337336
0.350542
0.362958
0.376074
0.386541
0.397242
0.407290
0.418341
0.427187
0.434817
0.442247
0.448772
0.454233
0.459887
0.463733
0.468122
0.472170
0.475857
0.478053
0.479815
0.482699
0.484519
0.486162
0.489352
0.489464
0.490689
0.489267
0.488963
0.486388
0.486296
0.486698
0.486551
0.485336
0.483928
0.482093
0.480164
0.477712
0.474888
0.471424
0.467162
0.465209
0.461583
0.456621
0.450984
0.445714
0.438290
0.429886
0.419978
0.409800
0.398547
0.385762
0.372707
0.358848
0.343940
0.328261
0.310170
0.290909
0.270226
0.247893
0.223681
0.198005
0.170190
0.140893
0.109504
0.075415
0.039079
0.000000

0.000000
0.038614
0.074405
0.107477
0.138323
0.167366
0.195171
0.220566
0.243710
0.264910
0.285863
0.304571
0.321440
0.336608
0.349439
0.362978
0.376181
0.387485
0.397385
0.407060
0.417863
0.426516
0.434320
0.442363
0.449042
0.454848
0.459597
0.464560
0.468576
0.471752
0.473793
0.474717
0.475526
0.478311
0.481657
0.485403
0.487719
0.488553
0.488943
0.488573
0.487291
0.486086
0.484689
0.485034
0.483506
0.481840
0.481845
0.480885
0.478774
0.476337
0.472683
0.470019
0.466014
0.464331
0.460656
0.455772
0.449770
0.443656
0.436161
0.427508
0.416561
0.406691
0.395813
0.383528
0.371339
0.357345
0.342122
0.327180
0.309785
0.290821
0.270077
0.247625
0.223716
0.197541
0.170253
0.140497
0.109050
0.075270
0.039031
0.000000

0.000000
0.038440
0.074102
0.107069
0.137966
0.167114
0.194206
0.219032
0.242001
0.263693
0.284327
0.303367
0.320294
0.335269
0.349558
0.362901
0.375240
0.386979
0.397314
0.405987
0.416713
0.426052
0.433798
0.441214
0.447832
0.453817
0.458515
0.463472
0.466920
0.469774
0.470533
0.472560
0.472831
0.475871
0.480054
0.483285
0.485297
0.486031
0.486629
0.485840
0.485818
0.484112
0.483331
0.482895
0.480479
0.478771
0.478770
0.478379
0.476656
0.473230
0.470905
0.467645
0.465288
0.462633
0.458397
0.453337
0.446453
0.440317
0.432302
0.424484
0.415032
0.404371
0.393079
0.381222
0.368905
0.354915
0.341019
0.325612
0.308626
0.289787
0.269101
0.246942
0.223067
0.197277
0.170019
0.140299
0.108939
0.075087
0.038960
0.000000

0.000000
0.038254
0.073765
0.106888
0.137564
0.166447
0.193267
0.218214
0.240646
0.262097
0.282453
0.301749
0.318155
0.333359
0.348277
0.360971
0.374601
0.386321
0.396323
0.405535
0.415124
0.424311
0.431810
0.439260
0.445822
0.451486
0.456449
0.461438
0.464651
0.467045
0.467575
0.469964
0.470276
0.472505
0.476698
0.479732
0.481272
0.482910
0.483026
0.483074
0.483187
0.481387
0.480514
0.480465
0.478341
0.476405
0.476465
0.474428
0.473313
0.470568
0.468856
0.466476
0.462699
0.459698
0.455416
0.450111
0.443891
0.436452
0.429715
0.421010
0.411775
0.400233
0.389271
0.377195
0.365649
0.352573
0.338700
0.323466
0.306407
0.287691
0.267339
0.245094
0.221553
0.196583
0.169300
0.139876
0.108471
0.074981
0.038904
0.000000

0.000000
0.038046
0.073409
0.106252
0.136596
0.165211
0.192274
0.217131
0.240375
0.261780
0.281478
0.300097
0.316378
0.331987
0.346355
0.359736
0.373058
0.384563
0.394696
0.404500
0.413214
0.421316
0.428864
0.435266
0.441843
0.448462
0.453970
0.458237
0.461826
0.464730
0.465790
0.466652
0.468803
0.470756
0.474361
0.476625
0.477827
0.479930
0.481391
0.481613
0.481349
0.480327
0.478909
0.478556
0.477199
0.475326
0.474106
0.471276
0.469843
0.467638
0.466109
0.464426
0.461019
0.456737
0.451232
0.447390
0.441691
0.435044
0.427413
0.418652
0.408666
0.397796
0.387509
0.374995
0.362858
0.348593
0.334791
0.320614
0.303711
0.285394
0.264553
0.242910
0.219961
0.195279
0.167776
0.138747
0.107672
0.074529
0.038730
0.000000

0.000000
0.037914
0.073045
0.105909
0.135977
0.164210
0.190911
0.216056
0.239000
0.260335
0.280162
0.298930
0.315620
0.330770
0.345175
0.357903
0.370871
0.382310
0.392211
0.401603
0.409752
0.417129
0.424595
0.431904
0.439549
0.444748
0.451323
0.455812
0.458767
0.461917
0.463765
0.464304
0.465838
0.469319
0.471925
0.473007
0.473826
0.476870
0.478044
0.478329
0.477935
0.477517
0.476247
0.474816
0.474385
0.472393
0.471502
0.468830
0.467664
0.465678
0.462813
0.461157
0.457467
0.452464
0.448204
0.443589
0.438006
0.431676
0.424322
0.414716
0.405547
0.394568
0.385043
0.373176
0.359664
0.345829
0.332545
0.317628
0.300997
0.283030
0.263026
0.241211
0.218813
0.193935
0.167120
0.138262
0.107524
0.074125
0.038550
0.000000

0.000000
0.037659
0.072638
0.105436
0.135556
0.163744
0.189730
0.214234
0.237184
0.258901
0.278044
0.296909
0.313490
0.328897
0.342728
0.355070
0.367456
0.378699
0.388067
0.397702
0.406501
0.415487
0.423111
0.430103
0.436915
0.442609
0.447813
0.452243
0.455400
0.458229
0.460305
0.462079
0.463862
0.466589
0.468132
0.468463
0.470797
0.472864
0.474049
0.473784
0.473574
0.473225
0.471758
0.470191
0.470719
0.468941
0.467732
0.466475
0.464362
0.462121
0.460200
0.457323
0.452706
0.447860
0.443594
0.438484
0.433409
0.427903
0.420642
0.411818
0.401483
0.391219
0.382017
0.370170
0.357654
0.344247
0.329158
0.314665
0.298090
0.279856
0.260830
0.239988
0.217237
0.192706
0.166347
0.137574
0.107099
0.073910
0.038424
0.000000

0.000000
0.037487
0.072211
0.104726
0.134778
0.162901
0.188817
0.212720
0.235363
0.257191
0.276384
0.294230
0.310164
0.325780
0.338869
0.351606
0.363444
0.374592
0.384506
0.394909
0.403810
0.412984
0.420567
0.427161
0.433895
0.439312
0.443758
0.447783
0.451031
0.453703
0.455002
0.457212
0.460627
0.462260
0.462609
0.464041
0.465110
0.468023
0.469238
0.469421
0.469011
0.467295
0.467176
0.467110
0.466415
0.465634
0.463346
0.462325
0.459933
0.458300
0.456119
0.453142
0.449031
0.444512
0.440282
0.435300
0.429258
0.424343
0.417540
0.408781
0.399224
0.389284
0.378844
0.367610
0.355235
0.341617
0.326370
0.311010
0.294461
0.277031
0.258907
0.238429
0.216150
0.191480
0.165427
0.137252
0.106596
0.073758
0.038291
0.000000

0.000000
0.037266
0.071974
0.104034
0.134127
0.161713
0.186974
0.210981
0.233561
0.255193
0.273899
0.291674
0.307655
0.322541
0.336256
0.348087
0.360442
0.371394
0.381474
0.390687
0.400362
0.409125
0.416757
0.422564
0.429252
0.434785
0.439154
0.441537
0.444600
0.448709
0.451320
0.453936
0.456451
0.457640
0.458645
0.459904
0.461116
0.462447
0.463441
0.464185
0.463540
0.462137
0.462740
0.462448
0.461966
0.460887
0.458888
0.457077
0.454126
0.452079
0.450266
0.447198
0.443554
0.439907
0.434881
0.430321
0.425408
0.420481
0.413587
0.404722
0.395471
0.385586
0.374451
0.363458
0.351725
0.339026
0.324417
0.308578
0.292857
0.275445
0.257004
0.236872
0.214525
0.190371
0.164595
0.136464
0.106035
0.073371
0.038033
0.000000

0.000000
0.037124
0.071504
0.103352
0.133068
0.160206
0.185233
0.209643
0.232349
0.253236
0.271952
0.289282
0.304572
0.319138
0.333108
0.345047
0.356502
0.368197
0.378260
0.387058
0.395107
0.403888
0.411966
0.419255
0.425461
0.430305
0.433875
0.437455
0.439936
0.442829
0.445101
0.448484
0.450655
0.450515
0.452484
0.453618
0.454496
0.456765
0.458056
0.458748
0.458189
0.456347
0.456317
0.457101
0.455835
0.454878
0.451304
0.450214
0.446896
0.445628
0.443849
0.441169
0.437629
0.433787
0.429574
0.425400
0.420414
0.415771
0.408979
0.400944
0.391217
0.380277
0.369640
0.359490
0.348487
0.335904
0.321380
0.305681
0.290074
0.272322
0.254455
0.234763
0.212343
0.188910
0.163188
0.135124
0.104938
0.072784
0.037748
0.000000

0.000000
0.036866
0.071006
0.102521
0.131643
0.158804
0.183588
0.207547
0.230220
0.250516
0.268800
0.285982
0.301081
0.315606
0.329272
0.341424
0.352342
0.363892
0.373598
0.381327
0.390363
0.399254
0.407512
0.414359
0.420157
0.424533
0.427715
0.431546
0.433622
0.436352
0.439177
0.441748
0.444408
0.444413
0.444953
0.447233
0.448606
0.449114
0.451607
0.452891
0.452967
0.451883
0.451926
0.451563
0.450467
0.448814
0.444661
0.442899
0.440285
0.438642
0.435899
0.434500
0.430721
0.428167
0.424644
0.419940
0.416350
0.411064
0.404166
0.396256
0.386917
0.376182
0.365929
0.356015
0.344302
0.331872
0.317449
0.302172
0.286553
0.269612
0.252082
0.232490
0.210716
0.186918
0.161260
0.133921
0.104129
0.072216
0.037512
0.000000

0.000000
0.036570
0.070415
0.101756
0.130407
0.157334
0.182400
0.205816
0.227553
0.247207
0.264807
0.281821
0.296938
0.310335
0.324525
0.336781
0.348238
0.358915
0.368487
0.376121
0.384236
0.393705
0.401521
0.408492
0.414141
0.418023
0.421205
0.425045
0.427532
0.430081
0.432714
0.435186
0.437900
0.438569
0.438387
0.440346
0.440715
0.442266
0.444037
0.445660
0.445973
0.445365
0.445059
0.443940
0.444106
0.442301
0.438604
0.435005
0.433056
0.430933
0.429421
0.427347
0.424643
0.420815
0.418942
0.415177
0.411078
0.405358
0.398021
0.390082
0.381410
0.372478
0.362335
0.351722
0.339600
0.327075
0.313022
0.297769
0.281995
0.266474
0.249086
0.229649
0.208172
0.184642
0.159802
0.132272
0.103246
0.071603
0.037197
0.000000

0.000000
0.036175
0.069707
0.100917
0.129630
0.155996
0.181071
0.203815
0.224727
0.243032
0.260639
0.277436
0.291870
0.305686
0.319429
0.331423
0.342402
0.353440
0.362486
0.371071
0.378652
0.387461
0.395076
0.401615
0.406953
0.409947
0.413842
0.417420
0.420485
0.422686
0.424076
0.427730
0.430605
0.432060
0.432900
0.433082
0.433243
0.434090
0.436211
0.437757
0.437461
0.437085
0.437771
0.437286
0.436774
0.434751
0.431518
0.428240
0.426902
0.425787
0.423866
0.420993
0.416818
0.414243
0.412271
0.408882
0.404527
0.399086
0.392105
0.384513
0.376148
0.367054
0.357260
0.345988
0.333356
0.320857
0.307554
0.293493
0.278106
0.262519
0.245232
0.226732
0.205810
0.182476
0.158128
0.130992
0.102162
0.070837
0.036724
0.000000

0.000000
0.035725
0.068860
0.099642
0.128340
0.154367
0.179133
0.201537
0.221637
0.239637
0.257206
0.272582
0.288270
0.301816
0.314420
0.325398
0.337167
0.347487
0.356468
0.364393
0.372159
0.379802
0.387326
0.394386
0.399269
0.401509
0.404554
0.407585
0.411860
0.413731
0.416186
0.419910
0.421793
0.424271
0.425552
0.425488
0.425055
0.426451
0.428913
0.430178
0.430068
0.429188
0.428940
0.428951
0.428135
0.426049
0.423617
0.422565
0.420596
0.419290
0.416335
0.412992
0.409331
0.407453
0.404456
0.401584
0.397442
0.391636
0.384302
0.376907
0.369532
0.361062
0.351227
0.340508
0.328396
0.316988
0.304121
0.290051
0.274596
0.258162
0.241591
0.223420
0.202964
0.180482
0.156299
0.129805
0.101024
0.070100
0.036407
0.000000

0.000000
0.035375
0.068137
0.098619
0.126870
0.152793
0.176763
0.198732
0.218465
0.235940
0.253112
0.268296
0.283883
0.297141
0.309092
0.320022
0.330726
0.341115
0.350604
0.358673
0.365732
0.373159
0.380885
0.387160
0.391405
0.393582
0.396307
0.399315
0.403159
0.406484
0.409067
0.411346
0.413631
0.415167
0.416677
0.415991
0.416528
0.419064
0.420163
0.421023
0.421398
0.420528
0.420098
0.418570
0.418053
0.418262
0.417072
0.415323
0.413997
0.411939
0.408861
0.405300
0.400704
0.399073
0.396826
0.393415
0.389103
0.383445
0.376503
0.369808
0.362475
0.353492
0.344769
0.333884
0.323242
0.311760
0.299072
0.285052
0.269811
0.254404
0.237309
0.219745
0.199635
0.177517
0.153864
0.127956
0.099783
0.069195
0.035934
0.000000

0.000000
0.034988
0.067132
0.096894
0.124783
0.150333
0.173870
0.195216
0.214716
0.232421
0.248967
0.264084
0.278879
0.291750
0.302879
0.313934
0.324722
0.334571
0.343508
0.352256
0.359357
0.366768
0.373293
0.379015
0.382927
0.385341
0.389240
0.392091
0.395424
0.397663
0.400432
0.402882
0.404340
0.405929
0.407079
0.407915
0.407847
0.410212
0.411100
0.411524
0.411031
0.410456
0.409418
0.408311
0.408941
0.408952
0.408271
0.406622
0.405283
0.403015
0.400017
0.395730
0.391867
0.389682
0.387831
0.384508
0.380150
0.373842
0.367144
0.360815
0.354322
0.345598
0.337618
0.328147
0.317525
0.305788
0.293054
0.278801
0.264272
0.249385
0.233291
0.215950
0.196257
0.174718
0.151417
0.125966
0.098256
0.068025
0.035386
0.000000

0.000000
0.034517
0.066264
0.095418
0.122348
0.147658
0.170839
0.191621
0.210290
0.227211
0.244073
0.259127
0.272851
0.285972
0.296839
0.308407
0.318227
0.327895
0.335576
0.344539
0.351625
0.358767
0.364738
0.369886
0.373477
0.376348
0.380293
0.383787
0.386468
0.388356
0.389920
0.392728
0.394365
0.394951
0.396068
0.398253
0.399241
0.400071
0.400870
0.400543
0.400592
0.399553
0.398321
0.397392
0.397932
0.397535
0.397590
0.396559
0.394840
0.391886
0.390071
0.385969
0.382977
0.379897
0.377780
0.373805
0.370323
0.364420
0.358340
0.352219
0.345505
0.336914
0.329509
0.320615
0.310315
0.298093
0.286257
0.272885
0.259252
0.244256
0.228842
0.211624
0.192490
0.171544
0.148539
0.123727
0.096429
0.066872
0.034817
0.000000

0.000000
0.033974
0.065177
0.093603
0.120078
0.144639
0.167259
0.187455
0.205381
0.221769
0.238239
0.253209
0.266198
0.279615
0.290999
0.301767
0.311465
0.320261
0.327673
0.336622
0.343858
0.349854
0.355461
0.359998
0.363754
0.367808
0.371166
0.374174
0.376813
0.378316
0.379737
0.381172
0.383127
0.383903
0.385070
0.386962
0.387894
0.388015
0.389272
0.388463
0.388295
0.388954
0.388297
0.387604
0.387532
0.386848
0.385563
0.384530
0.383574
0.381374
0.379694
0.376191
0.373349
0.370725
0.366646
0.363007
0.359998
0.354999
0.348761
0.341825
0.336038
0.328042
0.320360
0.311785
0.302165
0.290819
0.278232
0.265893
0.252666
0.238510
0.223278
0.206354
0.187594
0.167513
0.145337
0.121028
0.094464
0.065514
0.034063
0.000000

0.000000
0.033402
0.064042
0.091969
0.117748
0.141239
0.163264
0.182609
0.200216
0.216312
0.232112
0.246419
0.259534
0.272433
0.283532
0.293458
0.303202
0.311805
0.319712
0.327584
0.334383
0.340044
0.345256
0.349266
0.353555
0.357519
0.360707
0.363487
0.365462
0.366460
0.367757
0.370178
0.371164
0.371068
0.372422
0.373785
0.375275
0.376023
0.377325
0.377175
0.376291
0.377423
0.377874
0.377574
0.376588
0.374611
0.374586
0.373426
0.372001
0.370269
0.368218
0.365751
0.362348
0.360514
0.357145
0.353138
0.349457
0.344035
0.337081
0.331070
0.325976
0.318736
0.310283
0.301660
0.292792
0.281890
0.270687
0.257947
0.244827
0.231530
0.216458
0.200197
0.182218
0.163108
0.141681
0.118200
0.092389
0.064098
0.033434
0.000000

0.000000
0.032645
0.062671
0.090036
0.115065
0.138193
0.159405
0.178382
0.194986
0.210710
0.225764
0.239622
0.252647
0.264381
0.274842
0.284934
0.294404
0.302498
0.309699
0.316718
0.323356
0.328193
0.333717
0.337925
0.341674
0.345102
0.347757
0.350940
0.352259
0.354089
0.355495
0.357669
0.357949
0.358965
0.359790
0.359715
0.360562
0.362676
0.363926
0.364620
0.364516
0.365352
0.365787
0.365281
0.364178
0.362695
0.362088
0.361217
0.359467
0.357179
0.356213
0.353740
0.351363
0.349094
0.345738
0.341530
0.337799
0.332251
0.325577
0.320415
0.315146
0.308333
0.301006
0.292274
0.283345
0.272709
0.261942
0.249963
0.237628
0.223507
0.209187
0.193622
0.176989
0.158203
0.137244
0.114754
0.089848
0.062485
0.032671
0.000000

0.000000
0.031868
0.061069
0.087534
0.112092
0.134624
0.154877
0.173614
0.190071
0.204736
0.218495
0.231522
0.244239
0.255677
0.265339
0.274346
0.284099
0.292097
0.299226
0.305033
0.311191
0.315216
0.320690
0.324268
0.327367
0.330853
0.334472
0.337691
0.339541
0.340408
0.342265
0.344104
0.344479
0.344408
0.345215
0.346347
0.346757
0.347964
0.349571
0.350307
0.350433
0.351756
0.352140
0.351227
0.350589
0.349752
0.348603
0.347010
0.344793
0.344272
0.343028
0.340291
0.338862
0.336601
0.333475
0.329706
0.325223
0.319403
0.314015
0.309055
0.304348
0.297926
0.290302
0.281318
0.272853
0.263017
0.251904
0.240998
0.229516
0.215803
0.201857
0.187059
0.170970
0.152995
0.133214
0.111199
0.087220
0.060772
0.031822
0.000000

0.000000
0.031087
0.059299
0.085035
0.108638
0.130526
0.149958
0.168296
0.184291
0.198375
0.211120
0.223022
0.235087
0.245843
0.255373
0.263699
0.272662
0.280212
0.287297
0.293181
0.298364
0.302285
0.306832
0.309855
0.313472
0.316854
0.320498
0.322911
0.324973
0.325664
0.327066
0.329283
0.329631
0.330174
0.331238
0.331566
0.333102
0.334382
0.335020
0.335795
0.336436
0.336410
0.336964
0.336293
0.335724
0.334308
0.332785
0.332004
0.330160
0.329719
0.328670
0.326847
0.324351
0.322291
0.319845
0.315996
0.311720
0.306933
0.302176
0.297722
0.292325
0.286328
0.278682
0.270104
0.261380
0.251870
0.242208
0.231651
0.220698
0.207854
0.194694
0.180870
0.164977
0.148086
0.128735
0.107869
0.084703
0.058978
0.030905
0.000000

0.000000
0.030247
0.057726
0.082702
0.105302
0.126336
0.145172
0.162393
0.177509
0.190451
0.202627
0.214049
0.224490
0.234728
0.243700
0.252776
0.260830
0.267534
0.273631
0.279716
0.284363
0.288579
0.291709
0.295817
0.299737
0.302563
0.304831
0.307402
0.309174
0.309600
0.311251
0.313699
0.314369
0.315458
0.316051
0.315649
0.316761
0.318558
0.318589
0.319887
0.320236
0.319739
0.320082
0.319618
0.319210
0.318432
0.316947
0.316256
0.314828
0.313796
0.313190
0.311228
0.309868
0.307982
0.305148
0.301750
0.297588
0.293388
0.288936
0.284386
0.278664
0.273464
0.267075
0.259446
0.250565
0.241073
0.231880
0.222184
0.211206
0.199471
0.187475
0.173841
0.158803
0.142802
0.124533
0.104252
0.081796
0.056959
0.029881
0.000000

0.000000
0.029285
0.055801
0.079816
0.101628
0.121625
0.139614
0.155803
0.170134
0.182595
0.193610
0.204250
0.214167
0.222748
0.231697
0.240017
0.247413
0.253508
0.259285
0.264769
0.269503
0.273442
0.276269
0.280286
0.284174
0.286684
0.289077
0.291392
0.292236
0.293382
0.295441
0.296974
0.297592
0.298964
0.299169
0.299759
0.300646
0.301558
0.301708
0.301990
0.301942
0.302464
0.302332
0.302321
0.301520
0.300330
0.300183
0.299241
0.298633
0.297621
0.296578
0.295356
0.293069
0.291715
0.289103
0.285335
0.282280
0.277933
0.273329
0.269273
0.264294
0.259376
0.253958
0.247101
0.239037
0.230177
0.220827
0.211235
0.201081
0.190932
0.179602
0.166632
0.152459
0.137024
0.119587
0.099889
0.078512
0.054734
0.028760
0.000000

0.000000
0.028144
0.053545
0.076305
0.097322
0.116142
0.133055
0.148229
0.161805
0.173669
0.184002
0.193761
0.202240
0.209971
0.217793
0.225753
0.232364
0.237896
0.243795
0.248800
0.252561
0.256847
0.260056
0.263283
0.267053
0.270066
0.271610
0.274002
0.275855
0.277159
0.278468
0.278883
0.279462
0.280707
0.281692
0.282217
0.282607
0.282899
0.282632
0.282884
0.283773
0.283619
0.283802
0.282868
0.282875
0.282480
0.281749
0.281492
0.280347
0.279440
0.278112
0.277619
0.276545
0.274355
0.271772
0.268995
0.265544
0.261833
0.257614
0.253763
0.248931
0.244657
0.239337
0.233090
0.225691
0.217616
0.208553
0.199548
0.190742
0.180672
0.170432
0.158525
0.144883
0.130448
0.113960
0.095498
0.075045
0.052335
0.027480
0.000000

0.000000
0.026811
0.050980
0.072652
0.092268
0.109795
0.125370
0.139714
0.152375
0.163332
0.173102
0.181630
0.189250
0.196200
0.203671
0.209970
0.215684
0.221626
0.226567
0.231437
0.235710
0.239272
0.242010
0.245680
0.249345
0.252003
0.253716
0.255208
0.257156
0.258333
0.259511
0.259548
0.260368
0.261716
0.262516
0.262786
0.263280
0.263528
0.263400
0.263998
0.264550
0.264397
0.263709
0.263185
0.263600
0.263060
0.261888
0.261892
0.261209
0.260351
0.259241
0.259163
0.258216
0.256474
0.254236
0.251541
0.248302
0.244928
0.240668
0.236925
0.232710
0.228282
0.222745
0.217308
0.210643
0.203120
0.195383
0.186962
0.178719
0.169841
0.160199
0.149229
0.136731
0.122986
0.107598
0.090155
0.071081
0.049630
0.026144
0.000000

0.000000
0.025304
0.048015
0.068277
0.086363
0.102482
0.117134
0.130339
0.141698
0.151453
0.160497
0.168578
0.175346
0.181751
0.188201
0.193692
0.198685
0.204180
0.208879
0.212650
0.216804
0.219984
0.222986
0.226961
0.230071
0.232362
0.233694
0.235333
0.237122
0.238154
0.238942
0.239375
0.240362
0.241007
0.241213
0.241774
0.242726
0.242732
0.242884
0.243075
0.243438
0.243599
0.243081
0.242216
0.242348
0.241434
0.241195
0.240942
0.240001
0.239364
0.239264
0.238814
0.237782
0.236149
0.234218
0.231687
0.228694
0.225978
0.222336
0.218426
0.214274
0.210136
0.204749
0.199837
0.194456
0.188066
0.181258
0.173668
0.166313
0.158062
0.148998
0.138684
0.127004
0.114228
0.100447
0.084495
0.066596
0.046709
0.024684
0.000000

0.000000
0.023606
0.044552
0.063151
0.079965
0.094759
0.108027
0.119864
0.130175
0.139115
0.147022
0.154308
0.160523
0.166305
0.171424
0.176379
0.180791
0.185370
0.189170
0.193233
0.196810
0.200016
0.202842
0.206161
0.208665
0.210854
0.212141
0.213697
0.214897
0.215270
0.216592
0.217332
0.217805
0.218479
0.219287
0.219612
0.220295
0.219961
0.220200
0.220132
0.220525
0.220663
0.220311
0.219386
0.219578
0.219001
0.218541
0.217963
0.217775
0.217114
0.216718
0.216138
0.215158
0.213758
0.212095
0.209470
0.207627
0.205006
0.201473
0.197942
0.193996
0.190708
0.186143
0.181708
0.176650
0.171098
0.165076
0.158502
0.152020
0.144185
0.136131
0.126766
0.116346
0.105031
0.092558
0.078112
0.061803
0.043533
0.023018
0.000000

0.000000
0.021642
0.040770
0.057677
0.072660
0.085909
0.097652
0.107991
0.117118
0.124866
0.131797
0.138181
0.143520
0.148635
0.153175
0.157881
0.161608
0.165274
0.168714
0.171892
0.175285
0.177840
0.180723
0.183274
0.185564
0.187416
0.188858
0.190059
0.190869
0.191273
0.192288
0.192643
0.193257
0.194472
0.195042
0.195505
0.195946
0.195886
0.195633
0.195134
0.194980
0.195327
0.195246
0.195173
0.194734
0.194407
0.193921
0.193437
0.193415
0.193183
0.192660
0.191351
0.190437
0.189433
0.188088
0.186057
0.184389
0.182082
0.178838
0.176126
0.172735
0.169993
0.166315
0.162304
0.157331
0.152901
0.147664
0.142372
0.136338
0.129425
0.122344
0.114169
0.105065
0.094975
0.083701
0.070815
0.056371
0.039846
0.021174
0.000000

0.000000
0.019424
0.036374
0.051261
0.064172
0.075689
0.085757
0.094635
0.102493
0.109203
0.114925
0.120226
0.125102
0.129725
0.133768
0.137525
0.140712
0.143680
0.146805
0.149399
0.151881
0.153565
0.156104
0.158365
0.160160
0.161869
0.162941
0.163952
0.164624
0.164964
0.165903
0.166394
0.167358
0.168219
0.168745
0.169178
0.169259
0.169273
0.168570
0.168110
0.168367
0.168086
0.168475
0.168388
0.167706
0.167286
0.167483
0.167384
0.167235
0.166647
0.166438
0.165685
0.164735
0.163575
0.161817
0.160484
0.159224
0.157146
0.154275
0.152049
0.149596
0.147339
0.144373
0.140914
0.136656
0.132607
0.128692
0.124127
0.118797
0.112868
0.106742
0.099687
0.092223
0.083622
0.073713
0.062541
0.050071
0.035657
0.019085
0.000000

0.000000
0.016903
0.031408
0.043938
0.054802
0.064193
0.072324
0.079753
0.086073
0.091668
0.096550
0.100676
0.104855
0.108634
0.111774
0.114984
0.117662
0.120187
0.122504
0.124458
0.126354
0.127601
0.129694
0.131496
0.132896
0.134080
0.134977
0.135417
0.136096
0.136671
0.137507
0.137770
0.138745
0.139576
0.140212
0.140503
0.140619
0.140486
0.139987
0.139551
0.139649
0.139395
0.139233
0.139407
0.139122
0.138926
0.138488
0.138615
0.138560
0.138269
0.138055
0.137368
0.136704
0.135451
0.134472
0.133170
0.132069
0.130278
0.128022
0.126287
0.124201
0.122452
0.120195
0.117539
0.114439
0.111123
0.107486
0.103749
0.099455
0.094749
0.089484
0.083875
0.077693
0.070627
0.062732
0.053506
0.042874
0.030725
0.016596
0.000000

0.000000
0.013895
0.025517
0.035469
0.043955
0.051213
0.057547
0.063116
0.067921
0.072198
0.075983
0.079293
0.082471
0.085258
0.087780
0.090081
0.092065
0.094140
0.095867
0.097333
0.098552
0.099502
0.101087
0.102251
0.103421
0.104275
0.104650
0.105384
0.105650
0.106085
0.106925
0.107301
0.107956
0.108532
0.109087
0.109321
0.109328
0.109262
0.108993
0.108752
0.108584
0.108393
0.108154
0.108259
0.108210
0.107860
0.107792
0.107803
0.107336
0.107292
0.107206
0.106755
0.106357
0.105620
0.104860
0.103837
0.102657
0.101229
0.099843
0.098284
0.096939
0.095440
0.093858
0.091893
0.089493
0.087043
0.084124
0.081174
0.078065
0.074608
0.070717
0.066468
0.061596
0.056279
0.050130
0.042937
0.034635
0.025080
0.013702
0.000000

0.000000
0.010323
0.018651
0.025629
0.031474
0.036406
0.040653
0.044357
0.047636
0.050582
0.053166
0.055346
0.057573
0.059538
0.061239
0.062729
0.064179
0.065490
0.066630
0.067545
0.068404
0.069022
0.069952
0.070844
0.071468
0.072024
0.072346
0.072870
0.073153
0.073350
0.073889
0.074118
0.074555
0.075051
0.075346
0.075546
0.075446
0.075480
0.075267
0.074930
0.074808
0.074887
0.074654
0.074631
0.074669
0.074581
0.074649
0.074555
0.074239
0.074130
0.074083
0.073774
0.073452
0.073025
0.072570
0.071852
0.070909
0.070045
0.069074
0.068118
0.067323
0.066290
0.064959
0.063788
0.062106
0.060497
0.058750
0.056802
0.054712
0.052388
0.049726
0.046817
0.043505
0.039915
0.035682
0.030748
0.025064
0.018307
0.010191
0.000000

0.000000
0.005904
0.010369
0.013975
0.016957
0.019429
0.021588
0.023433
0.025143
0.026581
0.027874
0.029061
0.030161
0.031139
0.031985
0.032685
0.033489
0.034146
0.034686
0.035126
0.035548
0.035964
0.036342
0.036762
0.037124
0.037315
0.037456
0.037675
0.037927
0.038129
0.038293
0.038514
0.038703
0.038924
0.038997
0.039125
0.039130
0.039036
0.038953
0.038770
0.038724
0.038771
0.038669
0.038724
0.038657
0.038695
0.038726
0.038636
0.038432
0.038424
0.038424
0.038296
0.038079
0.037877
0.037608
0.037195
0.036868
0.036426
0.035860
0.035457
0.035027
0.034512
0.033874
0.033246
0.032467
0.031661
0.030783
0.029796
0.028701
0.027562
0.026230
0.024727
0.023069
0.021244
0.019119
0.016604
0.013651
0.010175
0.005816
0.000000

0.000000
0.000000
0.000000
0.000000
0.000000
0.000000
0.000000
0.000000
0.000000
0.000000
0.000000
0.000000
0.000000
0.000000
0.000000
0.000000
0.000000
0.000000
0.000000
0.000000
0.000000
0.000000
0.000000
0.000000
0.000000
0.000000
0.000000
0.000000
0.000000
0.000000
0.000000
0.000000
0.000000
0.000000
0.000000
0.000000
0.000000
0.000000
0.000000
0.000000
0.000000
0.000000
0.000000
0.000000
0.000000
0.000000
0.000000
0.000000
0.000000
0.000000
0.000000
0.000000
0.000000
0.000000
0.000000
0.000000
0.000000
0.000000
0.000000
0.000000
0.000000
0.000000
0.000000
0.000000
0.000000
0.000000
0.000000
0.000000
0.000000
0.000000
0.000000
0.000000
0.000000
0.000000
0.000000
0.000000
0.000000
0.000000
0.000000
0.000000

